# 	Wavelength	 Divided_Spectra	 Divided_Error
1.000176177917946688e+03 9.134961033800754748e-01 1.768223756033217020e-01
1.000406187977488344e+03 9.351563805003707541e-01 1.738190293469120684e-01
1.000637013675539038e+03 6.248773384228187844e-01 1.597368779693112140e-01
1.000867295614583554e+03 6.000216445027328760e-01 1.770472077273447797e-01
1.001097305674125209e+03 8.458349561019614660e-01 2.149944962195448339e-01
1.001328403251678765e+03 4.082776281281403907e-01 2.338856514989180457e-01
1.001558685190723509e+03 4.739589940744100560e-01 3.081235407120279657e-01
1.001789510888773975e+03 1.312030314038786560e+00 3.512733658736214015e-01
1.002020064707321694e+03 1.126204335720838445e+00 2.804486482820588988e-01
1.002251162284875363e+03 9.878319697520842047e-01 2.470030435461099128e-01
1.002481716103422968e+03 8.987234649399541420e-01 2.121025528076805056e-01
1.002712813680976524e+03 5.280706267400743226e-01 1.624516890267772851e-01
1.002943639379027218e+03 6.860925015132192106e-01 1.739871129301179264e-01
1.003174193197574823e+03 6.674604807041539800e-01 1.782066782767753876e-01
1.003405562654631467e+03 9.404821349307123102e-01 1.913751105319175805e-01
1.003636388352682047e+03 1.003702343555348708e+00 1.891981925472604187e-01
1.003867757809738691e+03 9.190844272632497924e-01 1.799189736716467758e-01
1.004098855387292247e+03 1.162862937754358894e+00 1.879904748110275969e-01
1.004330224844349004e+03 7.534367483444341929e-01 1.520365469374043432e-01
1.004561322421902560e+03 6.015857427395211454e-01 1.395391286709123380e-01
1.004792419999456115e+03 7.224595842839059978e-01 1.472924147810084905e-01
1.005024061336015848e+03 9.969991639083842783e-01 1.726040915129319619e-01
1.005255430793072378e+03 9.539448421021552438e-01 1.764299121475115806e-01
1.005487072129632111e+03 5.564964228072188934e-01 1.887402642135357633e-01
1.005718441586688641e+03 9.690686591782086134e-01 2.246364531167251155e-01
1.005950354802751349e+03 8.247422045990812078e-01 2.106116875412616385e-01
1.006181724259807993e+03 9.359439050155370365e-01 2.167808027713886421e-01
1.006413365596367612e+03 1.030162334149314018e+00 2.138427450328266588e-01
1.006645278812430320e+03 8.528933122579100967e-01 1.938040868101958691e-01
1.006876920148989825e+03 9.508258481753949498e-01 2.000050246494324002e-01
1.007109105244555622e+03 1.418805221126978822e+00 2.104967188096939223e-01
1.007340746581115241e+03 1.139373712190563603e+00 1.866713748072600099e-01
1.007573203556183785e+03 1.279702493760738857e+00 1.893997164891539353e-01
1.007804844892743404e+03 1.300160286538891485e+00 1.791474401015253071e-01
1.008036758108806112e+03 1.012318770075561147e+00 1.640985002338805343e-01
1.008269215083874769e+03 9.559787235751661116e-01 1.532290525108029600e-01
1.008501128299937363e+03 9.984919908223046647e-01 1.621056763007707457e-01
1.008733585275006021e+03 1.242548172460990363e+00 1.851187300128354363e-01
1.008965770370571818e+03 1.110627544260652577e+00 1.826366558587174393e-01
1.009198499225143337e+03 9.882082772693486783e-01 1.868514980260002345e-01
1.009430684320709020e+03 1.122044851331154058e+00 2.412668269665142196e-01
1.009662869416274702e+03 4.727948284451868322e-01 2.304684896349021295e-01
1.009895598270846222e+03 4.751308380484575156e-01 2.185028747300735708e-01
1.010128055245914879e+03 1.953075081013338488e-01 2.256666515456659805e-01
1.010360784100486626e+03 1.277957017422438613e+00 2.743748542465779816e-01
1.010593241075555284e+03 1.591464616853828673e+00 2.484054257990616910e-01
1.010826241809630005e+03 1.194720920234271233e+00 2.240290913086651070e-01
1.011058970664201524e+03 1.269350776635468359e+00 2.326655784264101412e-01
1.011291427639270182e+03 1.187559312458280836e+00 2.431507620185496543e-01
1.011524700252847879e+03 3.041064367754217623e-01 2.178523274960758038e-01
1.011757429107419512e+03 6.113761061721770806e-01 2.370436179828061263e-01
1.011990701720997208e+03 1.325103081336965527e+00 2.801982314092606452e-01
1.012223430575568955e+03 1.511518740541758055e+00 2.513326092710179149e-01
1.012456975068649513e+03 1.515028073170449963e+00 2.097241411705104142e-01
1.012689975802724234e+03 9.290299525002995162e-01 1.612125755913379199e-01
1.012922976536798842e+03 9.838081947512831160e-01 1.516143733663347648e-01
1.013156249150376425e+03 9.536387765359661817e-01 1.488380965454638438e-01
1.013389521763954122e+03 1.054958553997870085e+00 1.528578783889313897e-01
1.013623066257034793e+03 1.246857131903795102e+00 1.631972780986704896e-01
1.013856338870612490e+03 1.145092824432540457e+00 1.565122513065072551e-01
1.014090155243196250e+03 1.177107533170716369e+00 1.516222547580917679e-01
1.014323427856773833e+03 1.131639831771506399e+00 1.536786824643955329e-01
1.014556700470351529e+03 9.892912568726952571e-01 1.615407386952374125e-01
1.014790788722438151e+03 8.417251104337832857e-01 1.649326074550699073e-01
1.015024061336015848e+03 1.056364776328173161e+00 1.939350666630348108e-01
1.015258149588102469e+03 1.410772946911011294e+00 2.272343887967845644e-01
1.015491694081183141e+03 9.846045769324647257e-01 2.216653864450565947e-01
1.015726054212772851e+03 1.336431805997503552e+00 2.460993091773888697e-01
1.015959598705853523e+03 9.493604642943207494e-01 2.366046455545280369e-01
1.016193415078437170e+03 9.327597470854234185e-01 2.422904957149782101e-01
1.016427775210026880e+03 1.546647868934098780e+00 2.997942528567966725e-01
1.016661591582610527e+03 9.938205660211683057e-01 2.374869144775495766e-01
1.016895951714200237e+03 9.415429085002776644e-01 2.186960645155555660e-01
1.017129768086783884e+03 1.236367198579062077e+00 2.150301525501013278e-01
1.017364400097876569e+03 1.554858659803856735e+00 2.033037731598752729e-01
1.017598488349963304e+03 1.372110309946882101e+00 1.769140084428748871e-01
1.017832576602049926e+03 8.876441922795503814e-01 1.484153829749114972e-01
1.018067208613142611e+03 7.756631713274663165e-01 1.309915201309373722e-01
1.018301568744732322e+03 9.840053565728422713e-01 1.375588707276005906e-01
1.018536472635327982e+03 1.066570030688219539e+00 1.453851006280136859e-01
1.018770560887414604e+03 1.104133069498492326e+00 1.513278696785375632e-01
1.019005464778010264e+03 1.117285579373455962e+00 1.507117156955240789e-01
1.019240096789103063e+03 1.082843138873392341e+00 1.522302694372554555e-01
1.019474456920692660e+03 1.054267527517774417e+00 1.551621632007635920e-01
1.019709632690791409e+03 1.262607002460725436e+00 1.645942502284165887e-01
1.019944264701884094e+03 1.007200531264572652e+00 1.439281527490236801e-01
1.020179440471982844e+03 9.628290739726504954e-01 1.371358405551565129e-01
1.020414072483075415e+03 1.197338119806022005e+00 1.456885018008940713e-01
1.020649248253174164e+03 1.385604443571368360e+00 1.596993975181193182e-01
1.020884152143769938e+03 1.279628910348415527e+00 1.625202630064805365e-01
1.021119599793371549e+03 1.335119056196808263e+00 1.627012924304849784e-01
1.021354503683967209e+03 9.085697123174271139e-01 1.418836656548359276e-01
1.021589407574562870e+03 1.133443398363786603e+00 1.546347848681158543e-01
1.021825127103667569e+03 1.090056537763717692e+00 1.541071184918871573e-01
1.022060030994263343e+03 7.542405786018683278e-01 1.476609056294160560e-01
1.022295750523368042e+03 1.344732728299614655e+00 1.678889561884034654e-01
1.022530926293466678e+03 1.177531724722843176e+00 1.606304765426057879e-01
1.022766645822571490e+03 1.214109439477167651e+00 1.593428332625651533e-01
1.023002093472173101e+03 1.214916244048660277e+00 1.503999663900907890e-01
1.023237269242271736e+03 1.043309650591752069e+00 1.311910449512117827e-01
1.023473260650879411e+03 9.514086044346921067e-01 1.283757186722095378e-01
1.023708708300481135e+03 1.061357751296656771e+00 1.342362142423982885e-01
1.023944699709088809e+03 1.114378681859576892e+00 1.311761740861401571e-01
1.024180419238193508e+03 1.244138414104691170e+00 1.422088318588555500e-01
1.024416410646801296e+03 9.000484889277694522e-01 1.385293657816084323e-01
1.024652130175905995e+03 8.423658309803740973e-01 1.317385727866943468e-01
1.024887849705010694e+03 1.211516884368487146e+00 1.419214993590703355e-01
1.025124384872624432e+03 1.011707396196195097e+00 1.353444120952696228e-01
1.025360104401729131e+03 9.300834505169945920e-01 1.335916797244065257e-01
1.025596639569342869e+03 1.012056541278347988e+00 1.386026330013165331e-01
1.025832630977950430e+03 1.098832457389767647e+00 1.467376276071783447e-01
1.026068894266061307e+03 1.121057898016925236e+00 1.496223607541141698e-01
1.026305157554171956e+03 1.090574460026891401e+00 1.539412693150922773e-01
1.026541148962779744e+03 9.528215900524490412e-01 1.388269873125496656e-01
1.026777956009896343e+03 9.284465442677680702e-01 1.375983079525235908e-01
1.027013947418504131e+03 1.183418585860785077e+00 1.521659391829806585e-01
1.027251026345123819e+03 1.375670069406103480e+00 1.635178567780714853e-01
1.027487289633234468e+03 1.134659089423623479e+00 1.494423561619243335e-01
1.027724096680351295e+03 8.302121616121113101e-01 1.371262372581743549e-01
1.027960631847965033e+03 1.023101622860047133e+00 1.459610137129863927e-01
1.028197167015578543e+03 1.372864677054903337e+00 1.630941880602320426e-01
1.028434245942198459e+03 1.235310212051490941e+00 1.551245989955910287e-01
1.028670781109812197e+03 1.451252541603826218e+00 1.568826712081199115e-01
1.028908131915934746e+03 1.407208367260005311e+00 1.508369601451456099e-01
1.029144667083548484e+03 1.086409948061372033e+00 1.330030528883096586e-01
1.029382017889671260e+03 1.235503682260745029e+00 1.402315044929547116e-01
1.029618824936788087e+03 1.218316684713388831e+00 1.387508279805380607e-01
1.029855631983904686e+03 1.308749037706749663e+00 1.428516946700088552e-01
1.030093254669530552e+03 1.144665877583090907e+00 1.341560624309290628e-01
1.030330061716647151e+03 1.173486678055870591e+00 1.375584177069843761e-01
1.030567684402272789e+03 1.326118937461927549e+00 1.430251165188259066e-01
1.030804763328892477e+03 1.190185387318501986e+00 1.423783241727929472e-01
1.031042386014518343e+03 1.317090232292669416e+00 1.548860125974982072e-01
1.031279736820641119e+03 1.109322689117981042e+00 1.745073921081844170e-01
1.031516815747260807e+03 5.010766538375984736e-01 1.850890038335582799e-01
1.031754710312389534e+03 2.069253612338045334e-01 2.247426579681139625e-01
1.031992061118512311e+03 5.697209009165956628e-01 3.306036676135876151e-01
1.032230227563144126e+03 5.446546086662086283e-01 3.470597976303142485e-01
1.032467578369266676e+03 1.285661845304394424e+00 2.884227191421924741e-01
1.032705744813898491e+03 1.557144206753486859e+00 2.301846603406834668e-01
1.032943367499524129e+03 1.618390206136034903e+00 1.946270191919981518e-01
1.033180990185149994e+03 1.643153007338542970e+00 1.694310346607026396e-01
1.033419156629781583e+03 1.652201451579934588e+00 1.674415868028747978e-01
1.033656779315407448e+03 1.071024782565895617e+00 1.435628118119780805e-01
1.033895217639542125e+03 1.145523210300778416e+00 1.446338743980129238e-01
1.034133112204670851e+03 9.670309231500775482e-01 1.382131267680155873e-01
1.034371550528805528e+03 9.848642924250504693e-01 1.316002530836823115e-01
1.034609445093934255e+03 8.993679360684928570e-01 1.154990124794346706e-01
1.034847611538566071e+03 7.246887767352157006e-01 1.101681932112733020e-01
1.035086049862700747e+03 8.335031227368234763e-01 1.147422978043145109e-01
1.035324216307332563e+03 1.302682932875071531e+00 1.303997971842936476e-01
1.035562926510970328e+03 1.270660175412167581e+00 1.292094807035133186e-01
1.035801364835105005e+03 1.268852180872948043e+00 1.263523482935664799e-01
1.036040075038742771e+03 1.404020281093734779e+00 1.312953952706803484e-01
1.036278513362877447e+03 1.351110465094022217e+00 1.256624512336420307e-01
1.036516951687012352e+03 1.016081120686510353e+00 1.108027253385708150e-01
1.036755933770152978e+03 9.825143307141105398e-01 1.112933075918880188e-01
1.036994372094287655e+03 1.059184561911517442e+00 1.113385640948096333e-01
1.037233354177428510e+03 1.016875394984260828e+00 1.064412095936334568e-01
1.037472064381066275e+03 1.031014516613041332e+00 1.061155449228183417e-01
1.037711318343709991e+03 1.068779073570240712e+00 1.098957791666455575e-01
1.037950028547347756e+03 9.766499193975225479e-01 1.077347116896734541e-01
1.038188738750985522e+03 1.062918285467378210e+00 1.136203600179097328e-01
1.038428264593132326e+03 1.129105487307211275e+00 1.142138191119837914e-01
1.038667246676272953e+03 1.147382616651819953e+00 1.116290737981152636e-01
1.038906500638916896e+03 1.117474590360878262e+00 1.112432407535035861e-01
1.039145754601560611e+03 1.044578326688262671e+00 1.106472311737289604e-01
1.039385280443707416e+03 1.013471456226940459e+00 1.111694018992578636e-01
1.039624262526848042e+03 1.028035840237633280e+00 1.109410443698317372e-01
1.039864060248497935e+03 1.051382370127410537e+00 1.113117905469654667e-01
1.040103314211141424e+03 1.181864209583020742e+00 1.174330438304592855e-01
1.040342568173785367e+03 1.130217129586660318e+00 1.179076622564366600e-01
1.040582365895435032e+03 1.031010237422419040e+00 1.207818214923747219e-01
1.040821891737581836e+03 1.258309509557684835e+00 1.319238253459992238e-01
1.041061961338734591e+03 8.895108510444696970e-01 1.251436958480141581e-01
1.041301215301378534e+03 1.257489850099234197e+00 1.338873133476440325e-01
1.041541556782034149e+03 8.977831225905344992e-01 1.107999116107879489e-01
1.041781082624180954e+03 8.610667135417592322e-01 1.074558652822523719e-01
1.042020608466327758e+03 1.257573838984186398e+00 1.197735752795828085e-01
1.042260949946983374e+03 9.463514576074857354e-01 1.132862314822099259e-01
1.042500747668633267e+03 1.310525751507607195e+00 1.203318798784311361e-01
1.042741089149289110e+03 8.019848264393379944e-01 1.144420855283191374e-01
1.042981158750441637e+03 1.145993938581120197e+00 1.347962368729325455e-01
1.043221500231097480e+03 1.409633066478237495e+00 1.678169597455820283e-01
1.043461569832250234e+03 7.588197696260988723e-01 1.421443716304965355e-01
1.043701639433402988e+03 9.729094239505747810e-01 1.604666811316531605e-01
1.043942252793561920e+03 1.312560044679487170e+00 1.663472598473282327e-01
1.044182594274217763e+03 1.182364391182526342e+00 1.448002859851138802e-01
1.044423207634376467e+03 1.018018631501425908e+00 1.215861051898205342e-01
1.044663549115032083e+03 9.625448539399493741e-01 1.116965722070516059e-01
1.044904434354693876e+03 9.701025919562719091e-01 1.029709466131437795e-01
1.045144775835349719e+03 1.115426668890028283e+00 1.091323052184296205e-01
1.045385117316005562e+03 1.136819671770359141e+00 1.142044060544875894e-01
1.045626274435170217e+03 9.502334062038103601e-01 1.144896877150923670e-01
1.045866887795329149e+03 9.079760679818107416e-01 1.218765817873901924e-01
1.046108044914493803e+03 9.763753072912294551e-01 1.300030708388986433e-01
1.046348658274652507e+03 1.068697866685282660e+00 1.351898067135636206e-01
1.046590087273320478e+03 1.221952719883259597e+00 1.452153241350278012e-01
1.046830700633479182e+03 1.254896160920265125e+00 1.466313665414465117e-01
1.047071585873140975e+03 1.178659061122094842e+00 1.442621899662420437e-01
1.047313014871808718e+03 1.190309928841029485e+00 1.458496537509708091e-01
1.047553900111470512e+03 1.237357500882492189e+00 1.491928053329479031e-01
1.047795600989641343e+03 1.156979060020369099e+00 1.401108362787897854e-01
1.048036486229303136e+03 1.131236501626134316e+00 1.343475769364431416e-01
1.048278187107473968e+03 1.384553411056946626e+00 1.427778678310280269e-01
1.048519344226638850e+03 1.404501945295464571e+00 1.360939707715108915e-01
1.048760501345803505e+03 1.399746008549062726e+00 1.336883465225396916e-01
1.049002474103477198e+03 1.585758446430384883e+00 1.464581710266482928e-01
1.049243631222642080e+03 1.586463103191450230e+00 1.447239345015880752e-01
1.049485875859818861e+03 1.238060703279207031e+00 1.323844371193403369e-01
1.049727032978983743e+03 1.255993452554570622e+00 1.318509020185628100e-01
1.049969277616160525e+03 1.196525809750962566e+00 1.300749281490747311e-01
1.050210706614828268e+03 1.244129034551002544e+00 1.285271108656526884e-01
1.050452407492999100e+03 1.293478898772908225e+00 1.283734269985273013e-01
1.050694652130175882e+03 1.165619103763104514e+00 1.189329856519505818e-01
1.050936353008346714e+03 1.091083765407402373e+00 1.102751161490051757e-01
1.051178597645523496e+03 9.111456366692907149e-01 1.042163379077203911e-01
1.051420570403197189e+03 1.091989505283546880e+00 1.103521705251742785e-01
1.051662815040374198e+03 1.251537334854101902e+00 1.187295324948751257e-01
1.051904787798047892e+03 1.368706324343233804e+00 1.295087026684999809e-01
1.052146760555721585e+03 1.518693774096937732e+00 1.534192291450375278e-01
1.052389548951904544e+03 1.306639175785427875e+00 1.584326851346732901e-01
1.052631521709578237e+03 1.101005305676589607e+00 1.648035964062422032e-01
1.052874310105761197e+03 7.050360408572526882e-01 1.532750858573570241e-01
1.053116554742937751e+03 8.204732421230067629e-01 1.591772268166325166e-01
1.053359343139120710e+03 1.344779657913211413e+00 1.762243551147937848e-01
1.053601587776297492e+03 1.690865139421763974e+00 1.853408789590206274e-01
1.053844104292977363e+03 1.565173811962842887e+00 1.528189452152783900e-01
1.054087164568663184e+03 1.589819832071552641e+00 1.404226774811911660e-01
1.054329681085342827e+03 1.371742939884784906e+00 1.217373371935582538e-01
1.054572741361028875e+03 1.279389334810826062e+00 1.122753346937644670e-01
1.054815257877708518e+03 1.302085545784665621e+00 1.109095507117698748e-01
1.055058590032897428e+03 1.235134442617372486e+00 1.078617037932338429e-01
1.055301378429080160e+03 1.067772271045125176e+00 9.804691833969868264e-02
1.055543894945760030e+03 1.341140604516904089e+00 1.076142938287192319e-01
1.055787498980451801e+03 1.271162781430037025e+00 1.070535947392311366e-01
1.056030287376634533e+03 1.008656225123208960e+00 9.887802734639160318e-02
1.056273891411326531e+03 1.072209304386771533e+00 1.039177340411822914e-01
1.056516951687012352e+03 1.365905794618533786e+00 1.179235411439516906e-01
1.056760555721704122e+03 1.319017475570462894e+00 1.186562526658319627e-01
1.057003615997389943e+03 1.396128194801656841e+00 1.249333420047160220e-01
1.057246676273075764e+03 1.418642767135273264e+00 1.326365863121910516e-01
1.057490552187270623e+03 1.452789288694328995e+00 1.333718149321801716e-01
1.057733884342459305e+03 1.422894722323974515e+00 1.296388660832579753e-01
1.057977760256654165e+03 1.475764176280240036e+00 1.385937121418188422e-01
1.058221092411843074e+03 1.409410111485948303e+00 1.314195162314635845e-01
1.058465240205540795e+03 1.183473856757087050e+00 1.168636897422390547e-01
1.058708572360729704e+03 1.232927534876539610e+00 1.175460170192645093e-01
1.058952720154427652e+03 1.213644442588130756e+00 1.203880763018470162e-01
1.059196324189119423e+03 1.121427334713830826e+00 1.106020073673657927e-01
1.059439928223811194e+03 1.187646272364208500e+00 1.101961343560673989e-01
1.059684347897012003e+03 1.281630220463378711e+00 1.129777603766523586e-01
1.059927951931703774e+03 1.569478215525375697e+00 1.299039517763508345e-01
1.060172643484407672e+03 1.400546827604355560e+00 1.262254032714462404e-01
1.060416519398602532e+03 1.297257271818138102e+00 1.113842198283559598e-01
1.060660939071803341e+03 1.190675786700653216e+00 1.033177192760714319e-01
1.060905086865501062e+03 1.075993872004745500e+00 9.866840187516634497e-02
1.061148962779696149e+03 1.099449585040157773e+00 9.653183106338183994e-02
1.061393654332399819e+03 8.308487603204450789e-01 8.295484348125009566e-02
1.061637802126097768e+03 1.148771171229786781e+00 9.396510975094565787e-02
1.061882765558304527e+03 1.210722741151404547e+00 1.012343159662279779e-01
1.062126913352002248e+03 1.112313918149105740e+00 9.985347386506683576e-02
1.062371876784209235e+03 1.134019446588760527e+00 9.871892248904584610e-02
1.062616296457410044e+03 1.098333015898301790e+00 9.760691202425599011e-02
1.062860716130610854e+03 1.025474593049881200e+00 9.455921175799709977e-02
1.063105951442320702e+03 1.081072981991640480e+00 9.542739173235685601e-02
1.063350371115521511e+03 1.101599520626349582e+00 9.502881259650372558e-02
1.063595606427231360e+03 1.069566490256473434e+00 9.842620676505080268e-02
1.063840297979935258e+03 1.084864777074316056e+00 9.983414833173585856e-02
1.064085533291645106e+03 1.213203825454901130e+00 1.061112030288302310e-01
1.064330496723851866e+03 1.064478033497138654e+00 1.022488183803152290e-01
1.064575188276555764e+03 1.142588967826922319e+00 9.857719608836536251e-02
1.064820695467768701e+03 1.043658304901801337e+00 9.029743871413807577e-02
1.065065658899975460e+03 9.821639520159123338e-01 8.385349466175481825e-02
1.065311437970691486e+03 1.051521301160068811e+00 8.548590934273612996e-02
1.065556401402898246e+03 9.941954992520590784e-01 8.089594163991921383e-02
1.065802180473614044e+03 1.031832856164059731e+00 8.101097208673956052e-02
1.066047415785323892e+03 9.400010666677826032e-01 7.701873708844123034e-02
1.066292651097033740e+03 9.027259227250820084e-01 7.552614111670376273e-02
1.066538430167749539e+03 9.694169112319553916e-01 7.757187502538631652e-02
1.066783665479459387e+03 1.057943764524196029e+00 8.145071870676451331e-02
1.067029716429678274e+03 1.056590808388801594e+00 8.226704679683784216e-02
1.067275223620891211e+03 1.039175065098053352e+00 8.467372467957703930e-02
1.067521274571110098e+03 9.376692883565171943e-01 8.324180667351210872e-02
1.067767053641825896e+03 8.941967059163712372e-01 8.067115923286545531e-02
1.068012560833038833e+03 9.258220223458799580e-01 8.266475564629895134e-02
1.068258883662760582e+03 8.531295020636352477e-01 7.796451015307132026e-02
1.068504662733476380e+03 7.851823730791257505e-01 7.604108793717689885e-02
1.068750985563198356e+03 1.107447080636561942e+00 8.375698827104866018e-02
1.068996764633914154e+03 9.630485118357491325e-01 7.862672963186746744e-02
1.069243359343139218e+03 9.914483292784480595e-01 7.774456092433849885e-02
1.069489410293357878e+03 1.030834529026913859e+00 7.870139345196858205e-02
1.069735461243576765e+03 9.318285887957353797e-01 7.980773256397290238e-02
1.069982055952801829e+03 1.004994137901550122e+00 8.292962113946379665e-02
1.070228106903020489e+03 1.040561132787142906e+00 8.524042692524148868e-02
1.070474973491748415e+03 9.709115931940274224e-01 8.697113402152743811e-02
1.070721296321470163e+03 1.127475161097539980e+00 9.278183659796306049e-02
1.070968162910198089e+03 1.077991536365807024e+00 9.075634309754557205e-02
1.071214485739920065e+03 8.882348117769750528e-01 8.316272480102240849e-02
1.071461080449144902e+03 9.615451749687683458e-01 8.139881732307036044e-02
1.071707947037872827e+03 9.532791723469637990e-01 7.865121552492254642e-02
1.071954541747097664e+03 9.852937814772310121e-01 8.054766994459267027e-02
1.072201680215328452e+03 1.119181978364108820e+00 8.568878823385843446e-02
1.072448546804056377e+03 1.055408403467168021e+00 8.184029800818369560e-02
1.072695685272287164e+03 9.131351174139087368e-01 7.687713653586886187e-02
1.072942551861015090e+03 9.692971386969667646e-01 7.587331769602352616e-02
1.073189418449743016e+03 8.664459636031323075e-01 7.119215467240747053e-02
1.073436828797476892e+03 9.618875337534148473e-01 7.357168781244359523e-02
1.073683695386204818e+03 9.651743229291799286e-01 7.378017234800378354e-02
1.073931377613441782e+03 9.512945072645947464e-01 7.384181956075178133e-02
1.074178516081672569e+03 1.000663899564475434e+00 7.653267381816926396e-02
1.074426198308909534e+03 9.739956933032642983e-01 7.892215218278272881e-02
1.074673336777140321e+03 1.124957263528985507e+00 8.349306686821759971e-02
1.074920475245371108e+03 1.133647584547516685e+00 8.392697290325687454e-02
1.075168429352111161e+03 1.124941856352192016e+00 8.358675780432946179e-02
1.075415839699845037e+03 9.881488012860047965e-01 7.836026145665413167e-02
1.075663793806584863e+03 8.449031695337222425e-01 7.640698069202994658e-02
1.075911204154318739e+03 8.916838620774449886e-01 7.753089817932889982e-02
1.076159158261058565e+03 8.304447358611296570e-01 7.523623774981763601e-02
1.076406840488295529e+03 1.022024786327742518e+00 7.805605002843396534e-02
1.076655066474538444e+03 1.162259817716570165e+00 7.890357805436284955e-02
1.076902748701775408e+03 1.033695768268297455e+00 7.185402942026518358e-02
1.077150430929012373e+03 9.103123248537804413e-01 6.652339349395493262e-02
1.077398928794758149e+03 9.809877831412501248e-01 6.713087416930264839e-02
1.077646611021995113e+03 8.385456488004150444e-01 6.254256182141375298e-02
1.077895108887740889e+03 9.355444091925353423e-01 6.766419930735394217e-02
1.078143334873983804e+03 9.917023389398401667e-01 6.987958477812628022e-02
1.078391832739729807e+03 1.027059868643133145e+00 7.071659600948110302e-02
1.078639786846469633e+03 1.126999040125111318e+00 7.649494330680747800e-02
1.078888012832712548e+03 1.006542933190441858e+00 7.451565845155590229e-02
1.079136782577961412e+03 9.819656295332810370e-01 7.241088454732785840e-02
1.079385008564204327e+03 9.316972319595305807e-01 7.412001972727072507e-02
1.079634050188956280e+03 1.049864301991334292e+00 7.830676462097589663e-02
1.079882276175199195e+03 1.132887771635083363e+00 8.326406094504759658e-02
1.080131317799951148e+03 1.132704909687590744e+00 8.209027143297803475e-02
1.080379815665696924e+03 1.153056220260876286e+00 8.567048250348410776e-02
1.080628313531442927e+03 1.182685424936505303e+00 8.365839059858297400e-02
1.080877627035697742e+03 9.259394154456119796e-01 7.244645485795864204e-02
1.081126124901443518e+03 8.680704284160610795e-01 6.710882996145192680e-02
1.081375438405698560e+03 9.035796746470796670e-01 6.682209581197412485e-02
1.081624480030450513e+03 9.031393772269967757e-01 6.633339795306598952e-02
1.081873793534705328e+03 9.477253060811636765e-01 6.670650216752216366e-02
1.082122563279954420e+03 9.995953669726674873e-01 6.997947501980049390e-02
1.082371604904706146e+03 1.090817933077234736e+00 7.648044753978044952e-02
1.082621190288464049e+03 1.081424530937192818e+00 8.012550318778677294e-02
1.082870231913216003e+03 9.725357577237782047e-01 8.101627399005965902e-02
1.083119817296973906e+03 8.840674461905011494e-01 8.157289257413967432e-02
1.083369130801228721e+03 9.318347016572960939e-01 8.608458241705949088e-02
1.083618988064489713e+03 9.361823648712884749e-01 8.842481341226038349e-02
1.083868301568744755e+03 9.966847461516974427e-01 8.779224758908624193e-02
1.084117615072999570e+03 1.158748046012430866e+00 9.358014621421131829e-02
1.084367472336260562e+03 1.285183833738922532e+00 9.930164299262016214e-02
1.084617057720018465e+03 1.192103586833321849e+00 9.216210030953779497e-02
1.084867186862782319e+03 1.070561681174329927e+00 8.471152941260866320e-02
1.085116772246540222e+03 1.093260142014638170e+00 7.998400057702256816e-02
1.085366901389304303e+03 9.932668335988796837e-01 7.468861079147466608e-02
1.085616486773062206e+03 1.049579471816416421e+00 7.484368842040112213e-02
1.085866344036323198e+03 1.071400443235554834e+00 7.554744087825220056e-02
1.086116745058589913e+03 1.013705567927782214e+00 7.626229597066876142e-02
1.086366602321850905e+03 1.109062317073950865e+00 8.490347394615613275e-02
1.086617003344117848e+03 1.199323554909972112e+00 9.273342981293940246e-02
1.086867132486881928e+03 1.059090800017822742e+00 9.273349126066424142e-02
1.087117805388651732e+03 9.049839489544794224e-01 9.169197885300328643e-02
1.087367934531415585e+03 8.779938406555141128e-01 9.056930638720928073e-02
1.087617791794676577e+03 9.387007247608185612e-01 8.849027641989444526e-02
1.087868736575949470e+03 1.029677473802687926e+00 8.778728777497789293e-02
1.088118865718713323e+03 1.184453677712230535e+00 9.113637862821902247e-02
1.088369810499986215e+03 1.196045146209479659e+00 8.594650487638641478e-02
1.088620211522253385e+03 1.042331866214125657e+00 7.964264691175146349e-02
1.088871428183029366e+03 1.042637405504572623e+00 8.045200273585870199e-02
1.089121829205296081e+03 1.079682206367892139e+00 8.013044539469561800e-02
1.089372502107066111e+03 8.956404332415675018e-01 7.487399144163756071e-02
1.089623718767842092e+03 1.051303254071642046e+00 8.003050029177145863e-02
1.089874391669611896e+03 1.101150476876721740e+00 8.433696615605237867e-02
1.090125608330387877e+03 1.103488556128149778e+00 7.995089374040362240e-02
1.090376281232157908e+03 9.879041683343876556e-01 7.784098754713474067e-02
1.090627769772436750e+03 9.474986203166761989e-01 7.708789897022313986e-02
1.090878714553709642e+03 1.206243942949410508e+00 8.206221396399351886e-02
1.091129659334982762e+03 9.953952041214517710e-01 7.712365690578697197e-02
1.091381147875261604e+03 1.043172145416214169e+00 7.700148872546869194e-02
1.091632364536037585e+03 1.032869669739987284e+00 7.660983877382487872e-02
1.091884124955819516e+03 9.534411944170738673e-01 7.617754260520066822e-02
1.092135341616595497e+03 9.395842852506774978e-01 7.544261993620111906e-02
1.092387102036377428e+03 1.073975761219955638e+00 7.854064942841411379e-02
1.092638318697153409e+03 1.071035660894286590e+00 7.952134386425706303e-02
1.092889807237432251e+03 1.090942911773609580e+00 7.961339229968511511e-02
1.093141839536717271e+03 9.616417904441125764e-01 7.293261188861989430e-02
1.093393328076996340e+03 8.392064942330986765e-01 7.117947250522005387e-02
1.093645360376281133e+03 8.729964777939646092e-01 7.008488393289370733e-02
1.093896848916560202e+03 1.115084725273437716e+00 7.520906610526484348e-02
1.094149153095348083e+03 9.761395124200297202e-01 7.570505210234702853e-02
1.094400913515130014e+03 1.074784213016651391e+00 7.657882073936583822e-02
1.094652673934911945e+03 1.201327661168396510e+00 8.001979097230409177e-02
1.094904978113700054e+03 1.210529852076603685e+00 8.200973586798607218e-02
1.095157010412985073e+03 1.080984273698159415e+00 7.895024175683519607e-02
1.095409586471275816e+03 1.095631093149959323e+00 7.819353978692107632e-02
1.095661618770560835e+03 9.916986106354326314e-01 7.397930206432327960e-02
1.095914194828851805e+03 1.032592566579499493e+00 7.472933735060736937e-02
1.096166227128136825e+03 1.200315920331574526e+00 7.888135352112074505e-02
1.096419075065930656e+03 1.181001933967450235e+00 7.968840552878947436e-02
1.096671379244718764e+03 9.249398056552352587e-01 7.063747032453264463e-02
1.096923683423506645e+03 8.338026844986948793e-01 6.785756620434682529e-02
1.097176531361300704e+03 7.872390409895227981e-01 6.735591647214740629e-02
1.097428835540088585e+03 9.312414077872864793e-01 7.271413350557781596e-02
1.097681955357385505e+03 9.043757842602110353e-01 7.163457083619281796e-02
1.097934531415676474e+03 8.809578969320709385e-01 7.006354777197096317e-02
1.098187651232973622e+03 9.654365315965868222e-01 7.017268649855148976e-02
1.098440499170767453e+03 9.219326428055421019e-01 6.732971929057078586e-02
1.098693075229058422e+03 8.671152745229873116e-01 6.629319028455818441e-02
1.098946466925858431e+03 9.443781809446456510e-01 6.909403066228800294e-02
1.099199314863652489e+03 9.760627284009245619e-01 7.054947128197383566e-02
1.099452706560452270e+03 9.528826982372519128e-01 6.967351024418790006e-02
1.099705554498246329e+03 9.476598446188896352e-01 7.101436901121853384e-02
1.099959218074549426e+03 9.243162249541272413e-01 7.519467284553162101e-02
1.100212337891846346e+03 8.430839011750381751e-01 8.008042894364833519e-02
1.100465457709143266e+03 8.416013807905768918e-01 8.453947779195328249e-02
1.100719121285446136e+03 9.272082729646790034e-01 8.708732454330847528e-02
1.100972241102743283e+03 1.013665694668347328e+00 8.453373659210444702e-02
1.101226176558549241e+03 9.920368095788816287e-01 7.563464358689596378e-02
1.101479568255349250e+03 9.225315454532290182e-01 6.935839767824518443e-02
1.101733503711155208e+03 9.367389259671213830e-01 6.806159222589829028e-02
1.101987167287458078e+03 9.139294263641964955e-01 6.635167034925057439e-02
1.102240558984258087e+03 8.960015109279449996e-01 6.493541486064188795e-02
1.102494766319567134e+03 9.820976334421456233e-01 7.019267929037606435e-02
1.102748429895870004e+03 1.012914542762283432e+00 7.096756823374215928e-02
1.103002637231179051e+03 8.611172864273075600e-01 6.648710084123211905e-02
1.103256300807482148e+03 8.783088503546396808e-01 6.631717504802908669e-02
1.103510780022294057e+03 8.107577045669229765e-01 6.527976764462833925e-02
1.103764715478100015e+03 7.704853881933424464e-01 6.454594476190061991e-02
1.104018650933905974e+03 9.252083871611039845e-01 7.232052928540411152e-02
1.104273130148718110e+03 1.124094278321585039e+00 8.550623048933146675e-02
1.104527065604524068e+03 9.977000567304979972e-01 8.391853582365947639e-02
1.104781816698839066e+03 8.704892056189055261e-01 8.287654485109953451e-02
1.105036024034148113e+03 8.126204622587872572e-01 8.209886844636858638e-02
1.105290775128462883e+03 8.132918698279576475e-01 8.183708149779954366e-02
1.105544982463771930e+03 9.199952498209748031e-01 8.055606482312734073e-02
1.105799461678584066e+03 1.090906113828546076e+00 8.095870337596716704e-02
1.106054484652401925e+03 1.096372530727945493e+00 7.472446653562540841e-02
1.106308963867213834e+03 9.370664067571876643e-01 6.834637564338050253e-02
1.106563986841031920e+03 1.060023572350235144e+00 7.182710310601821135e-02
1.106818466055844056e+03 8.994949753383856272e-01 6.615315078347230870e-02
1.107073760909165003e+03 9.103245114153633022e-01 6.707676006610527319e-02
1.107328512003480000e+03 1.154026969597114149e+00 7.308377026133577870e-02
1.107583263097794998e+03 9.815463028365231102e-01 6.907775284038115970e-02
1.107838557951115945e+03 9.906290993457719241e-01 6.978557932714189727e-02
1.108093580924934031e+03 8.275172976783501388e-01 7.029100594898943233e-02
1.108348875778254978e+03 8.236589881867844021e-01 7.369668164306217295e-02
1.108603898752073064e+03 9.581389780478556384e-01 7.905680403538999090e-02
1.108859737364399962e+03 1.090957370525165615e+00 8.644823651696413591e-02
1.109114760338218048e+03 1.120577498121701598e+00 8.966157907495043988e-02
1.109369783312036134e+03 9.934788144396828891e-01 8.533895271154551265e-02
1.109625621924363031e+03 1.087113493105231976e+00 8.838577294597650680e-02
1.109880916777684206e+03 1.151689860522055797e+00 8.901511557824465237e-02
1.110136755390011103e+03 1.160775495730534734e+00 8.451614583271986614e-02
1.110392322122835139e+03 1.142267849366271237e+00 7.831612282301761430e-02
1.110648432614665126e+03 1.034868378225190177e+00 7.372947062312944222e-02
1.110903727467986073e+03 1.075358299965240239e+00 7.417395143471952612e-02
1.111159294200810109e+03 1.089491553796271273e+00 7.504888923006876322e-02
1.111415676572143184e+03 1.115365485772594534e+00 7.656987517507325702e-02
1.111671243304967220e+03 1.066992590549885600e+00 7.486084059685128855e-02
1.111927625676300295e+03 9.936712106128811062e-01 7.310953076411041973e-02
1.112183464288627192e+03 9.949861356335498730e-01 7.385721049656925052e-02
1.112439846659960267e+03 9.450616818278646525e-01 7.395032801652709487e-02
1.112695685272287392e+03 1.039558118447968305e+00 7.829587659024843382e-02
1.112951795764117151e+03 1.082385627563421160e+00 7.950987290828015475e-02
1.113208450014953314e+03 1.041464198055227053e+00 7.816124845384295194e-02
1.113464560506783300e+03 9.945341694418146083e-01 7.756735951955408270e-02
1.113720942878116375e+03 9.324730149326333484e-01 7.373027611915498880e-02
1.113977597128952311e+03 8.384983223374772310e-01 6.922114802410553325e-02
1.114234523259291336e+03 9.402495613806534092e-01 7.238475926177660724e-02
1.114490633751121322e+03 1.148928240604221607e+00 8.066733778901653829e-02
1.114747016122454397e+03 1.067668387207479919e+00 7.904853005436114632e-02
1.115004214132296511e+03 8.358461585263021743e-01 7.481281850151144663e-02
1.115260596503629586e+03 9.234895205168205390e-01 7.624784649481948506e-02
1.115517794513471472e+03 7.614368642121004394e-01 7.225286675919331825e-02
1.115774448764307635e+03 8.427752267551423815e-01 7.307620575037732102e-02
1.116031374894646660e+03 1.192406185165822752e+00 8.235074120115773444e-02
1.116288572904488774e+03 1.279210170047471395e+00 8.421437274951289187e-02
1.116546042793833749e+03 1.157210162628720562e+00 7.938963299488351055e-02
1.116802697044669912e+03 1.210303771061240763e+00 7.972143635073859758e-02
1.117059623175008937e+03 1.165751599699767382e+00 7.685008016227495853e-02
1.117317093064353912e+03 1.262489883839928329e+00 8.449515602906969292e-02
1.117574291074196026e+03 1.404584916114188342e+00 9.707802928770591089e-02
1.117832032843043862e+03 1.352323777003540561e+00 1.006297004422728875e-01
1.118089230852885976e+03 1.113656425404111916e+00 1.004564977589356700e-01
1.118346972621734039e+03 7.074824714298050266e-01 9.027014009707454156e-02
1.118603898752073064e+03 8.978287394568054136e-01 9.117749552288526016e-02
1.118861640520921128e+03 1.245101536731970215e+00 9.794065319071354470e-02
1.119119654169272280e+03 1.427397927979199510e+00 1.001004378144840501e-01
1.119377124058617028e+03 1.286370783926233496e+00 8.276030192429181809e-02
1.119635137706968180e+03 1.185395032949960070e+00 7.668532230471736266e-02
1.119892879475816471e+03 1.195132087146299149e+00 7.666843499167790010e-02
1.120150893124167396e+03 1.123415130446395294e+00 7.454380039324838558e-02
1.120408634893015460e+03 1.139054988767931098e+00 7.575347112903052516e-02
1.120666376661863296e+03 1.195410588814137087e+00 8.032044573987819069e-02
1.120924934069220399e+03 1.220883716157957100e+00 8.451679679448258209e-02
1.121182675838068462e+03 1.183636818040106231e+00 8.750109691299877424e-02
1.121441233245425565e+03 1.065586731578234803e+00 8.680908699098081882e-02
1.121699246893776490e+03 1.161959678905144289e+00 9.630136855935866880e-02
1.121957804301133592e+03 1.340533241515104557e+00 1.158592350908481394e-01
1.122216089828987606e+03 1.173170682795001918e+00 1.262985488279483037e-01
1.122474103477338758e+03 7.887503269812037310e-01 1.187655871206328428e-01
1.122732932764198949e+03 7.185912230548459068e-01 1.344276190219749756e-01
1.122991490171556052e+03 1.027963961774907897e+00 1.592428027468513752e-01
1.123250319458415788e+03 1.366772531976187421e+00 1.678933611411388416e-01
1.123508333106767168e+03 1.035939948599011950e+00 1.360715273855138963e-01
1.123767706152633082e+03 7.740764562689002037e-01 1.089574580207497562e-01
1.124026263559990184e+03 1.020439831743334302e+00 1.012863614725480615e-01
1.124284820967347287e+03 1.298876362199643753e+00 9.983572179426984661e-02
1.124544194013213200e+03 1.211914418222013179e+00 8.840264110470669179e-02
1.124802751420570303e+03 1.380330137340630481e+00 9.150148538096278261e-02
1.125062124466436444e+03 1.105754920384095952e+00 8.138594829412072740e-02
1.125320953753296408e+03 1.118410049550509378e+00 8.043638081352869063e-02
1.125580598678665410e+03 1.124128764298241157e+00 7.756459729554104898e-02
1.125839427965525601e+03 9.407545395548673195e-01 6.980854720632323485e-02
1.126098529131888881e+03 9.789078840225161615e-01 6.730213513682362092e-02
1.126357902177754795e+03 9.632811931921758664e-01 6.581566584019045429e-02
1.126617275223620709e+03 9.997682245939711887e-01 6.480218566169633487e-02
1.126877192028492800e+03 9.346148827825151439e-01 6.444150691198877179e-02
1.127136293194856080e+03 9.346633765014590312e-01 6.496731582553511020e-02
1.127396209999728171e+03 1.004250009337374294e+00 6.860873727207345008e-02
1.127655583045594085e+03 9.800413469183835158e-01 6.590353466461476573e-02
1.127914956091460226e+03 1.103575104785805783e+00 6.981323459187573077e-02
1.128175144775835406e+03 1.017699606826633074e+00 6.746846935436558168e-02
1.128434517821701320e+03 9.977871513214484622e-01 6.626350689997401178e-02
1.128694978385579589e+03 1.058519320854524493e+00 7.014948856824362866e-02
1.128954351431445502e+03 1.073500689585138446e+00 7.277985173417766962e-02
1.129214811995323544e+03 1.095156331949658890e+00 7.356199958602543942e-02
1.129474456920692546e+03 9.500618826614818380e-01 6.961070359006538144e-02
1.129734373725564637e+03 1.070404206755396492e+00 7.319316340396925247e-02
1.129994834289442906e+03 1.064647770708635255e+00 7.482051091851803226e-02
1.130254751094314770e+03 9.513857887470575925e-01 7.122766764386162519e-02
1.130515483537696127e+03 9.221890367718396098e-01 6.973611245497018940e-02
1.130775400342567991e+03 1.061362600746016405e+00 7.459532326800383251e-02
1.131036404665452210e+03 1.087671038315433325e+00 7.602589737267120840e-02
1.131296593349827390e+03 1.168235187850930723e+00 7.923714984392205007e-02
1.131556782034202570e+03 1.135669094341717145e+00 8.209102322492685400e-02
1.131817514477583472e+03 1.070135726461917125e+00 8.473886255744995932e-02
1.132077975041461514e+03 9.483423096712363387e-01 8.791946909816235334e-02
1.132338707484842644e+03 5.878902696056766963e-01 8.173931156857978941e-02
1.132599439928223774e+03 9.311561013761587846e-01 9.049637606112047317e-02
1.132860716130610854e+03 9.559103123917991329e-01 8.690167299729732731e-02
1.133121448573991984e+03 1.053160727508414496e+00 8.301437619715343330e-02
1.133382181017373114e+03 1.099390479486446637e+00 7.752775774549916510e-02
1.133643457219760194e+03 1.031677210361456209e+00 7.221448693745641245e-02
1.133904189663141324e+03 9.415275630751706037e-01 6.769499562814543236e-02
1.134165737745031265e+03 8.834630029644586768e-01 6.604278198832595759e-02
1.134426742067915484e+03 9.787547705532709807e-01 6.989489475208522651e-02
1.134688290149805653e+03 1.111407987078003590e+00 7.837671389661678145e-02
1.134949294472689644e+03 1.216901278742217540e+00 9.203279376164381909e-02
1.135210298795573863e+03 1.157853574264780416e+00 1.050475005367562525e-01
1.135472118756966893e+03 8.121920567608038599e-01 1.097262017750694346e-01
1.135733394959353973e+03 3.316040135624009344e-01 1.028804420656092289e-01
1.135995214920747003e+03 4.974538934209080665e-01 1.030081850107385233e-01
1.136256491123134310e+03 1.088654433793347920e+00 1.151829107949858128e-01
1.136518582964030429e+03 1.334944393414279951e+00 1.097262273692894974e-01
1.136780131045920371e+03 1.261455498918401030e+00 9.156146945907821244e-02
1.137042222886816489e+03 1.202091336169399005e+00 8.339480649539783574e-02
1.137303770968706658e+03 1.091847331849429059e+00 7.830183528211025201e-02
1.137565590930099688e+03 1.122684891818625186e+00 7.907333322311375923e-02
1.137827682770995807e+03 9.907299169454495402e-01 7.647091669776596989e-02
1.138089502732388837e+03 9.699682669399589674e-01 7.357858265183540858e-02
1.138351866452788045e+03 1.119330621253825431e+00 7.778893766636856000e-02
1.138613958293684163e+03 1.091750933796356682e+00 7.854461321049109601e-02
1.138876322014083371e+03 1.381717323693109734e+00 9.203603921315614556e-02
1.139138413854979262e+03 1.192398665395876245e+00 8.777979823247829272e-02
1.139400505695875381e+03 9.125719415498516618e-01 8.030182932543365737e-02
1.139663141295777677e+03 8.216005520840974352e-01 7.781883924518716300e-02
1.139925233136673796e+03 1.011770483460255221e+00 8.604303897257445377e-02
1.140188140616078726e+03 1.222741997947497161e+00 9.099101586014878007e-02
1.140450504336477934e+03 1.160275615819935879e+00 8.778508539565463287e-02
1.140713411815883319e+03 1.292140773653883468e+00 9.235057334286213282e-02
1.140976047415785160e+03 1.475711799381266065e+00 1.035512814511858753e-01
1.141238411136184368e+03 1.515624824577850971e+00 1.149584547413346203e-01
1.141501590495092387e+03 1.349668983483923723e+00 1.260181707326288314e-01
1.141764226094994683e+03 9.351375005300498477e-01 1.234814382560773111e-01
1.142027405453902702e+03 4.919366319852573333e-01 1.124884542396887704e-01
1.142290312933307860e+03 8.224664493931314047e-01 1.215089868702601827e-01
1.142553492292216106e+03 1.332071664159986790e+00 1.277725608776136001e-01
1.142816399771621263e+03 1.424533657842259382e+00 1.066084163713427457e-01
1.143079307251026194e+03 1.335380256888311967e+00 9.106446556156498617e-02
1.143343030368940390e+03 1.317993531421952635e+00 8.270235069940681805e-02
1.143605937848345548e+03 1.281503448754055752e+00 7.989574832848549135e-02
1.143869660966259744e+03 1.227157307803915298e+00 8.078438181247618588e-02
1.144132840325167763e+03 1.298201482208690027e+00 8.656193169019586742e-02
1.144396563443081959e+03 1.265150779116654078e+00 9.298658152316750802e-02
1.144660014681493067e+03 9.482014816057279250e-01 8.507773143176121378e-02
1.144923194040401313e+03 7.672796956740326468e-01 7.740986690112873492e-02
1.145187189037818371e+03 9.350748902907144444e-01 8.026854882281919679e-02
1.145450640276229706e+03 1.335523517377703362e+00 9.081227321423931964e-02
1.145714907153149625e+03 1.498522157779006880e+00 9.292390427468752434e-02
1.145978358391560960e+03 1.423999130845593708e+00 9.068530065981342259e-02
1.146242625268480879e+03 1.313195579899461451e+00 9.322239728046001483e-02
1.146506348386395075e+03 1.300982845536803767e+00 9.605702871665657006e-02
1.146770071504309271e+03 1.129684493329417672e+00 9.390250893982016178e-02
1.147034610260732507e+03 1.024346652224234600e+00 9.047527433797394880e-02
1.147298061499143614e+03 1.110178263566484524e+00 8.811346205154270417e-02
1.147563144014572572e+03 1.218372854024801333e+00 8.554217727023898099e-02
1.147826867132486768e+03 1.249030416372050700e+00 8.239191847436666549e-02
1.148091677768413092e+03 1.237605220456105659e+00 8.103569682344456682e-02
1.148355944645333238e+03 1.398687073531250213e+00 8.963150529091920560e-02
1.148619939642750069e+03 1.378918827284706827e+00 9.613441306191503055e-02
1.148884750278676393e+03 1.229619098694597401e+00 1.002948293758345460e-01
1.149149289035099628e+03 9.778116329167250154e-01 9.868230838251750014e-02
1.149414099671025724e+03 7.779401895112143528e-01 9.586106822784652703e-02
1.149678638427448959e+03 9.246291903037663351e-01 1.001312087618963648e-01
1.149943720942878144e+03 1.356251171464244010e+00 1.108221796157633637e-01
1.150208259699301152e+03 1.385907058421863569e+00 1.095173148932341994e-01
1.150472798455724387e+03 1.118485643517768802e+00 9.967170757447318952e-02
1.150738152850656434e+03 1.011207793833499569e+00 9.717302293770190003e-02
1.151002691607079669e+03 1.184232108390083749e+00 1.083786544493693799e-01
1.151268317881514804e+03 1.231253456414541425e+00 1.139172365913495300e-01
1.151533128517440900e+03 1.137952844807333941e+00 1.117609154551795214e-01
1.151798754791876036e+03 1.027893166867943409e+00 1.018071971110041940e-01
1.152063565427802359e+03 1.028799737892983401e+00 9.312117214253658182e-02
1.152328647943231545e+03 1.101034288691595364e+00 8.808082462662761292e-02
1.152594002338163591e+03 1.191692572778034753e+00 8.369233437736417480e-02
1.152859628612598726e+03 1.202056633825214771e+00 7.529036373520822667e-02
1.153125526766536950e+03 1.047880250062528606e+00 6.761877248891853820e-02
1.153390609281966135e+03 1.076114396197173306e+00 6.529091140353471268e-02
1.153656507435904359e+03 1.059176066677390837e+00 6.454880627502812551e-02
1.153922133710339494e+03 1.055313338480908580e+00 6.763214268152088759e-02
1.154187488105271541e+03 1.064076320084904603e+00 6.793705515474227075e-02
1.154453658138712854e+03 1.168497419769356283e+00 7.233331703579459759e-02
1.154719284413147989e+03 1.257517096186746119e+00 7.821912965485369740e-02
1.154985454446589301e+03 1.175441809463720899e+00 7.680074838025562067e-02
1.155251080721024437e+03 1.042679000770063702e+00 7.184143047693841710e-02
1.155517522633968611e+03 1.088181060699621838e+00 7.682914163248874551e-02
1.155783420787906834e+03 1.117518578981619770e+00 8.202724877448651364e-02
1.156049318941844831e+03 1.009850447360103987e+00 8.556048179242289886e-02
1.156315760854789232e+03 1.098543757186219327e+00 9.372071461695616335e-02
1.156581930888230318e+03 1.041383969397666975e+00 9.321697831127535860e-02
1.156848644680677580e+03 9.348640579280854679e-01 8.655911586585748885e-02
1.157114542834615804e+03 1.055007392533404031e+00 8.729752838967813622e-02
1.157381528506565928e+03 1.329201913002026059e+00 9.510050820841003949e-02
1.157647698540007241e+03 1.356836547488942335e+00 9.208679964752619629e-02
1.157914684211957365e+03 1.310238671844491831e+00 9.018808133360578516e-02
1.158181126124901311e+03 1.265101296941298026e+00 8.996024835503280137e-02
1.158447568037845713e+03 1.066490507133250665e+00 8.491299673416205507e-02
1.158714825589298698e+03 1.064133609393429047e+00 8.536233008049823323e-02
1.158981267502243099e+03 1.321025825384281260e+00 9.764431623406695515e-02
1.159248525053696312e+03 1.279082113556285316e+00 9.648873861203903501e-02
1.159514966966640259e+03 1.181663375045076458e+00 9.624834247235183882e-02
1.159782496397596560e+03 1.279520239016825878e+00 1.051867715510259871e-01
1.160049482069546684e+03 1.390809354686205257e+00 1.123985478450723469e-01
1.160316195861993947e+03 1.432391282514426267e+00 1.157136500207222862e-01
1.160583725292950248e+03 1.455469942899561442e+00 1.242906941914017627e-01
1.160850982844403234e+03 1.291191464225540431e+00 1.209603508109076964e-01
1.161118512275359535e+03 1.247111641639539803e+00 1.232184447434545860e-01
1.161385497947309659e+03 1.101428876033340831e+00 1.236970598761604478e-01
1.161653299257768822e+03 9.249915312558231184e-01 1.206421533223116377e-01
1.161920828688725123e+03 1.163354274840387781e+00 1.295544827317855474e-01
1.162188086240178336e+03 1.711930027232044793e+00 1.576045380170457144e-01
1.162455887550637499e+03 1.681802528311965750e+00 1.570248839108000227e-01
1.162723416981593800e+03 1.220982338324124505e+00 1.283288012961372182e-01
1.162991490171556052e+03 9.079067215029911209e-01 1.155910846138637899e-01
1.163259019602512126e+03 1.159421521227489649e+00 1.348168785703500183e-01
1.163527364671977239e+03 1.578779881788862305e+00 1.594716949239990411e-01
1.163794894102933540e+03 1.579624999476989089e+00 1.537618183066166988e-01
1.164062695413392703e+03 1.449991097328505729e+00 1.494581696506591395e-01
1.164331040482857816e+03 1.450275079720035665e+00 1.435941818464726016e-01
1.164599113672820067e+03 1.450055038145426911e+00 1.345005191947610534e-01
1.164867458742285407e+03 1.471759933679958721e+00 1.246985918862543452e-01
1.165135531932247432e+03 1.616052414372500579e+00 1.203035979436011677e-01
1.165404148881215860e+03 1.725870633985662428e+00 1.171109405380307000e-01
1.165671950191674796e+03 1.672257429435700216e+00 1.157718202404628555e-01
1.165940295261140136e+03 1.675127489972385808e+00 1.215425575160661714e-01
1.166209455969114515e+03 1.791996128411998068e+00 1.357690396580140124e-01
1.166477529159076767e+03 1.549628544521087337e+00 1.385783020117231645e-01
1.166746689867050918e+03 1.348812234862525106e+00 1.459448107060724031e-01
1.167014763057013170e+03 1.483732824377768988e+00 1.557267085593030953e-01
1.167284195644490183e+03 1.524835743585314152e+00 1.592963641720830936e-01
1.167552540713955523e+03 1.999002607807451648e+00 1.763545824055293698e-01
1.167821157662923724e+03 2.039581888724652625e+00 1.683642446256956027e-01
1.168090590250400965e+03 1.894318923544442645e+00 1.528751425480159853e-01
1.168359207199369166e+03 1.745668315158578121e+00 1.383510283691518350e-01
1.168628639786846406e+03 1.613194818993008761e+00 1.256017561970915741e-01
1.168897528615317697e+03 1.629371942477674251e+00 1.205499445924510110e-01
1.169166689323291848e+03 1.604265008448823027e+00 1.149543144625204960e-01
1.169436121910769089e+03 1.496333076624890346e+00 1.057799565434498074e-01
1.169705010739240379e+03 1.533205584576802449e+00 1.032656338077559688e-01
1.169974715206220480e+03 1.574649664988690523e+00 1.060135713868085444e-01
1.170243875914194859e+03 1.470333077539733413e+00 1.023153423074037865e-01
1.170513852260678050e+03 1.474814123257614851e+00 1.023150971551000099e-01
1.170783012968652201e+03 1.608758169415712924e+00 1.094656469049030550e-01
1.171052989315135392e+03 1.448900515692457702e+00 1.100858208886048434e-01
1.171322421902612632e+03 1.338604560632042695e+00 1.120624635054854046e-01
1.171591854490089872e+03 1.445834210690710275e+00 1.238492670059976597e-01
1.171862102716076151e+03 1.375270908959341343e+00 1.242485912242397433e-01
1.172131535303553392e+03 8.789745521714534826e-01 1.028863052328050642e-01
1.172401783529539671e+03 8.938045731174766306e-01 9.907790368437882633e-02
1.172671759876022861e+03 1.127539689016702429e+00 9.896050185961222101e-02
1.172942008102009140e+03 1.374941951978065013e+00 1.006451338052747890e-01
1.173211712568989242e+03 1.467713033031846193e+00 9.480078246798316621e-02
1.173481960794975748e+03 1.309092377939153007e+00 8.195780962712954920e-02
1.173752480900464889e+03 1.103156965064888917e+00 7.099929599866947050e-02
1.174022457246948079e+03 1.111932289650586991e+00 6.985682730605080604e-02
1.174292977352437447e+03 1.064924418287940711e+00 6.828153330339957472e-02
1.174563225578423499e+03 1.135759341880057116e+00 6.920091490130783618e-02
1.174834017563415955e+03 1.201391168780625573e+00 7.243984706707962129e-02
1.175104265789402007e+03 1.142367206214970787e+00 7.262679263549325082e-02
1.175374785894891374e+03 1.141148897161675668e+00 7.004775191069428919e-02
1.175645849759386692e+03 7.628750553075853702e-01 6.196398971226595165e-02
1.175916369864875833e+03 8.892718897258232724e-01 6.493146284551663816e-02
1.176187433729371151e+03 9.568833286736082577e-01 6.516991609378347539e-02
1.176457953834860291e+03 1.007490903133158033e+00 6.637230219361964223e-02
1.176729289578858470e+03 1.084522333126537674e+00 6.829586458630547419e-02
1.177000081563850699e+03 8.822487368466719326e-01 6.310731487078682922e-02
1.177270873548843156e+03 7.970866392323360250e-01 6.093656225504821139e-02
1.177542209292841562e+03 9.709199761134439388e-01 6.798030385546026400e-02
1.177813001277833564e+03 1.048952622527840717e+00 7.101755930879803669e-02
1.178084608901335059e+03 9.854405310718593602e-01 6.709575375042889367e-02
1.178355672765830150e+03 9.509624747619653817e-01 6.354440724703432075e-02
1.178627552268834279e+03 9.948542120311296699e-01 6.197632940055091549e-02
1.178898616133329597e+03 9.967039231504102315e-01 6.022089437622741431e-02
1.179170495636333953e+03 9.463905065968827302e-01 5.751182809126034051e-02
1.179441559500829271e+03 9.135749155995557258e-01 5.547901876653737324e-02
1.179713167124330539e+03 9.564360108239997604e-01 5.604981455302121551e-02
1.179985046627334668e+03 1.029129359108474029e+00 5.703429011778946012e-02
1.180256654250835936e+03 1.042893036890131020e+00 5.686611817360796850e-02
1.180528805633343381e+03 9.439468780885656995e-01 5.422189581105549272e-02
1.180800413256844422e+03 8.720418037742549977e-01 5.343471276658981473e-02
1.181072564639351867e+03 8.867128376377837462e-01 5.319065606315744044e-02
1.181344444142355997e+03 8.725979411906014116e-01 5.353976269600114329e-02
1.181616051765857264e+03 8.620591984220532522e-01 5.344802163151104318e-02
1.181888475027867571e+03 9.799874576267715298e-01 5.674661468146992988e-02
1.182160354530871928e+03 9.618406928372601472e-01 5.666841126663818562e-02
1.182433049672385096e+03 9.134312287080281756e-01 5.588727742199239845e-02
1.182704929175389452e+03 9.301347325725477511e-01 5.569313719099593801e-02
1.182977624316902620e+03 8.929190772565497314e-01 5.367447308374475451e-02
1.183249775699409838e+03 8.514334733281607726e-01 5.264163480131142658e-02
1.183522198961420372e+03 9.718383912240512457e-01 5.321642780023790736e-02
1.183795165982436629e+03 8.458218088659780198e-01 5.082153111606909496e-02
1.184067317364943847e+03 9.731335481668641485e-01 5.363337161986973800e-02
1.184340556265462965e+03 9.337193595332127227e-01 5.381576462014826812e-02
1.184612979527473271e+03 9.046967342504302900e-01 5.601411671211879023e-02
1.184885946548489528e+03 1.015860920572595916e+00 6.766883278247705358e-02
1.185158641690002923e+03 1.013186166755602358e+00 7.485106258228460541e-02
1.185431336831516319e+03 1.091650088793392204e+00 7.634863494483593027e-02
1.185704575732035664e+03 1.007482961981534419e+00 7.248281813216297942e-02
1.185977542753051921e+03 9.743898046173530281e-01 6.719493095677918360e-02
1.186250781653571266e+03 9.259336355907678007e-01 6.399757601796723927e-02
1.186523748674587523e+03 9.370607082406398058e-01 6.216261712034276687e-02
1.186797259454609502e+03 1.127837878281982675e+00 6.269751062507650241e-02
1.187070498355128848e+03 9.953965134311378860e-01 5.971029600152716332e-02
1.187343465376145105e+03 9.817323014805863224e-01 6.044231142834396997e-02
1.187617248035670627e+03 8.672388066570501097e-01 6.042675239779986274e-02
1.187890486936189973e+03 7.053820534096629791e-01 5.668772478909563789e-02
1.188164269595715041e+03 7.431528665138981138e-01 5.532467971084134573e-02
1.188437780375737475e+03 9.463253300189035100e-01 5.872282132656131415e-02
1.188711834914765632e+03 1.050857793621443603e+00 5.835821339456136181e-02
1.188985345694788066e+03 9.735695208573703630e-01 5.408418458114085114e-02
1.189258856474810273e+03 9.691257460227203913e-01 5.256805222125326277e-02
1.189532911013838429e+03 9.796816686657359163e-01 5.197996615793996217e-02
1.189806693673363952e+03 1.002821283855182655e+00 5.325266312028181792e-02
1.190081020091895198e+03 1.070971726816711378e+00 5.598237366929073588e-02
1.190354802751420493e+03 9.839813541785118467e-01 5.347534704670778988e-02
1.190629129169951739e+03 9.837988230179416371e-01 5.569228822804296597e-02
1.190903183708980350e+03 9.555844573657135133e-01 5.793106138760066581e-02
1.191177238248008507e+03 8.555595479690328853e-01 5.701426939417815476e-02
1.191451836546042841e+03 7.874541680083539941e-01 5.572676589445417494e-02
1.191725891085071225e+03 7.984033674764307031e-01 5.502891885917295112e-02
1.192000761262608194e+03 9.889371650915126377e-01 5.789084382675569601e-02
1.192275087681139667e+03 1.113493042862834681e+00 5.787505343207970110e-02
1.192549685979174001e+03 9.446903822561651953e-01 5.105401951822782780e-02
1.192824284277208335e+03 8.862803597086132967e-01 4.853647561884365247e-02
1.193098338816236719e+03 9.958798393104487667e-01 5.123818487263729488e-02
1.193373752752779865e+03 9.242907005834911649e-01 4.948648533874241973e-02
1.193648079171311110e+03 8.818197194631355318e-01 4.820347611001321586e-02
1.193923493107854483e+03 8.380158096715670801e-01 4.817090639699244531e-02
1.194198091405888817e+03 9.395815784227119494e-01 5.117847360304977195e-02
1.194473777221935279e+03 9.921413642278172906e-01 5.312979244536397000e-02
1.194748375519969613e+03 9.426158467568238608e-01 5.321463119897096306e-02
1.195023245697506809e+03 1.014262680748329259e+00 5.590888903265984339e-02
1.195298931513553271e+03 1.008013123905013853e+00 5.604499026261831884e-02
1.195573801691090239e+03 9.877054504355053943e-01 5.617693829847954928e-02
1.195849487507136701e+03 1.074882757492046315e+00 6.130299057026951381e-02
1.196124629564177212e+03 1.258322470019391126e+00 7.341898747385337820e-02
1.196400315380223219e+03 1.304937389101792800e+00 8.190091233163744600e-02
1.196675729316766819e+03 8.269882661255724132e-01 8.080220329750706365e-02
1.196950871373807104e+03 4.644738986087650900e-01 7.820370647212361581e-02
1.197227100948859288e+03 5.213131635630731120e-01 8.238166580980096909e-02
1.197502514885402661e+03 9.515453620165753579e-01 9.114483004829981860e-02
1.197778472580951984e+03 1.247452485643710141e+00 8.945073304613361531e-02
1.198053886517495357e+03 1.119328598141500208e+00 7.394563195167498659e-02
1.198330387972050630e+03 7.999750319775440488e-01 5.931342496091909083e-02
1.198606073788097092e+03 8.715719785982525281e-01 5.740816710457540689e-02
1.198881759604143326e+03 1.123337333222747647e+00 6.207071219873639550e-02
1.199158261058698599e+03 1.105474916394231011e+00 6.160039062473376265e-02
1.199434218754248150e+03 1.010915155839573032e+00 5.890268750270736403e-02
1.199710720208803423e+03 1.010114019975804300e+00 5.782876991264641886e-02
