# 	Wavelength	 Divided_Spectra	 Divided_Error
1.000176000000000045e+03 1.509128426900188114e+00 2.755093635692257847e-01
1.000405999999999949e+03 1.400216686324904103e+01 2.444533508615374995e+00
1.000636999999999944e+03 6.615427181559508929e-01 1.636345303760958769e-01
1.000866999999999962e+03 8.112207615170486941e-01 2.324137632688227928e-01
1.001096999999999980e+03 8.861632130464682788e-01 2.137873964011550165e-01
1.001327999999999975e+03 2.986954118809736491e-01 1.687673228834253303e-01
1.001558999999999969e+03 8.143634366629123322e-01 5.201323843358390819e-01
1.001788999999999987e+03 8.675505279312798468e-01 2.090456758727525788e-01
1.002019999999999982e+03 2.210779534232250931e+00 5.070155358162653503e-01
1.002250999999999976e+03 1.187149960968591156e+00 2.772839114063552213e-01
1.002481999999999971e+03 9.292837176992780890e-01 2.064603642881961965e-01
1.002712999999999965e+03 1.151198965526133877e+00 3.451687098671664122e-01
1.002943999999999960e+03 1.732110621364202130e+00 4.223188027956160662e-01
1.003173999999999978e+03 4.648942501943171268e-01 1.195117181020050323e-01
1.003405999999999949e+03 8.377941304799311206e-01 1.597246052443958564e-01
1.003635999999999967e+03 1.005155129008492132e+00 1.764743990736818702e-01
1.003868000000000052e+03 3.816865661255623099e+00 7.035896578148239655e-01
1.004099000000000046e+03 -5.275594715853572580e+01 7.796961185056213495e+00
1.004330000000000041e+03 1.001152600722982511e+00 1.921268953307814775e-01
1.004561000000000035e+03 1.372647571854227477e+00 3.071577036780224201e-01
1.004792000000000030e+03 8.948715508277301778e-01 1.734982834008913510e-01
1.005024000000000001e+03 1.169736016102144616e+00 1.865626054212747853e-01
1.005254999999999995e+03 9.854566513190383681e-01 1.687349478097229516e-01
1.005486999999999966e+03 1.068453313482969902e+00 3.522309103558774468e-01
1.005717999999999961e+03 -1.455245207051542033e+00 3.141012711366534815e-01
1.005950000000000045e+03 1.567691950581116211e+00 3.778322713267486255e-01
1.006182000000000016e+03 -5.233568428939681993e+00 1.128782795761056335e+00
1.006413000000000011e+03 1.162201245871820721e+00 2.217688681181937960e-01
1.006644999999999982e+03 7.422743159743263597e-01 1.589271088714027669e-01
1.006876999999999953e+03 1.345612265903871174e+00 2.640662862555517298e-01
1.007109000000000037e+03 1.823171544707520964e+00 2.369351811337179481e-01
1.007341000000000008e+03 1.905334072365364451e+00 2.826743178218117380e-01
1.007572999999999979e+03 3.938507741201854540e+00 5.194607327574194411e-01
1.007804999999999950e+03 3.544894326026989173e+00 4.324246742476305916e-01
1.008037000000000035e+03 2.034004450692544985e+00 3.035489077551778436e-01
1.008269000000000005e+03 1.124051171221768675e+00 1.666057501488961146e-01
1.008500999999999976e+03 7.372263484558844171e-01 1.102600227043033648e-01
1.008734000000000037e+03 1.216027091436036045e+00 1.620146174279724627e-01
1.008966000000000008e+03 1.021096473355401324e+00 1.522842415567346452e-01
1.009197999999999979e+03 9.018041147050710471e-01 1.582282815054015246e-01
1.009431000000000040e+03 8.555424598077753240e-01 1.679377843070572751e-01
1.009663000000000011e+03 3.590365405768610740e-01 1.716835335898202752e-01
1.009895999999999958e+03 4.317363685394591255e-01 1.942897182088422214e-01
1.010128000000000043e+03 2.563950946211859261e-01 2.951282738016065554e-01
1.010360999999999990e+03 1.972892331923154385e+00 3.777946266688643751e-01
1.010592999999999961e+03 1.952157913576974435e+00 2.611590471249342071e-01
1.010826000000000022e+03 2.086720542131699219e+00 3.558659573815391441e-01
1.011058999999999969e+03 4.397046015162394461e+00 7.205609399942309867e-01
1.011291000000000054e+03 1.299343234389635837e+00 2.381644165392232948e-01
1.011524999999999977e+03 1.735885858696618045e-01 1.232052501330092587e-01
1.011756999999999948e+03 1.908917309961609687e+00 7.129635791180487514e-01
1.011990999999999985e+03 7.289371505575766186e+00 1.366727806684112645e+00
1.012222999999999956e+03 4.384856470056437416e+00 6.303791777441690725e-01
1.012456999999999994e+03 3.808991685236283065e+00 4.516532032673402086e-01
1.012690000000000055e+03 1.302747314795460465e+00 2.101673013465717998e-01
1.012923000000000002e+03 1.081279774781306990e+00 1.527516542044537740e-01
1.013155999999999949e+03 1.571419753497166782e+00 2.261536368326070578e-01
1.013389000000000010e+03 1.538598443820502926e+00 2.025187346322554205e-01
1.013623000000000047e+03 1.489816883983994922e+00 1.731339733362909639e-01
1.013855999999999995e+03 1.222818037254077561e+00 1.502254771412414591e-01
1.014090000000000032e+03 1.699627398041256399e+00 1.950265282334846251e-01
1.014322999999999979e+03 -1.040350002901822002e+01 1.266745551458897001e+00
1.014557000000000016e+03 6.939651696655072532e-01 1.042764356008148013e-01
1.014791000000000054e+03 5.886424756511672296e-01 1.086251368741105172e-01
1.015024000000000001e+03 2.201328175851805291e+00 3.714016970963164299e-01
1.015258000000000038e+03 1.540637455725441640e+01 2.176845293413544713e+00
1.015491999999999962e+03 1.452796090176661226e+00 3.040324005715487332e-01
1.015725999999999999e+03 1.541565223316144539e+00 2.500882185477569242e-01
1.015960000000000036e+03 1.372375719874880717e+00 3.178303699144571226e-01
1.016192999999999984e+03 2.431309691028913367e+00 5.867183212755566757e-01
1.016427999999999997e+03 2.509533323251828207e+00 4.163393408763671477e-01
1.016662000000000035e+03 1.746308695080651008e+00 3.859884490008395064e-01
1.016895999999999958e+03 2.567207309658762870e+00 5.534250622274455855e-01
1.017129999999999995e+03 9.735049988366127893e-01 1.512203061718244423e-01
1.017364000000000033e+03 3.895875143460511225e+00 4.342495032738344918e-01
1.017599000000000046e+03 1.737889467000112154e+00 1.961960927432507829e-01
1.017832999999999970e+03 8.708584001126100649e-01 1.358871158682524172e-01
1.018067000000000007e+03 1.129765600085328892e+00 1.794903357424066648e-01
1.018302000000000021e+03 1.872442426941696603e+00 2.399375839994566662e-01
1.018535999999999945e+03 2.128985540128459863e+00 2.638144646213106959e-01
1.018770999999999958e+03 1.721208443671972343e+00 2.140329284924814834e-01
1.019004999999999995e+03 1.289832489626954182e+00 1.575237343438451176e-01
1.019240000000000009e+03 9.624358058298655427e-01 1.230498193842630428e-01
1.019474000000000046e+03 1.187328076406503508e+00 1.596801516866514226e-01
1.019710000000000036e+03 3.425951421217610093e+00 3.982363940263100588e-01
1.019943999999999960e+03 1.042490081507033040e+00 1.364081369893910267e-01
1.020178999999999974e+03 1.261872691981351435e+00 1.647047305301112818e-01
1.020413999999999987e+03 1.816698891944366068e+00 1.964735619600404271e-01
1.020649000000000001e+03 1.666091878131601645e+00 1.674340268763956363e-01
1.020884000000000015e+03 1.272549801322991225e+00 1.441596950821088796e-01
1.021120000000000005e+03 1.520858326622806178e+00 1.631678017826394544e-01
1.021354000000000042e+03 1.756345452024068887e+00 2.546173027511486886e-01
1.021589000000000055e+03 1.258464727838228381e+00 1.543357627491784567e-01
1.021825000000000045e+03 7.699045967160935700e-01 9.797637356817349985e-02
1.022059999999999945e+03 5.945082969051382893e-01 1.104363107558848089e-01
1.022296000000000049e+03 1.418471253959083134e+00 1.545237424395078385e-01
1.022530999999999949e+03 1.081440770293475850e+00 1.329892430980216533e-01
1.022767000000000053e+03 1.160334078279777748e+00 1.362470403479101311e-01
1.023001999999999953e+03 5.321349845229533138e+00 5.915194466495677927e-01
1.023236999999999966e+03 1.909440440599872835e+00 2.203613786197494151e-01
1.023472999999999956e+03 1.097189932281439129e+00 1.374378290133159708e-01
1.023708999999999946e+03 1.322725199545427888e+00 1.528937555043952401e-01
1.023945000000000050e+03 1.430491834006927476e+00 1.526767677807613632e-01
1.024180000000000064e+03 1.500121946468718770e+00 1.530229417974557360e-01
1.024415999999999940e+03 2.079626486626026782e+00 2.983428026014257051e-01
1.024652000000000044e+03 9.264186807254306544e-01 1.358343162064357124e-01
1.024887999999999920e+03 1.203066615829058161e+00 1.257517293500171052e-01
1.025124000000000024e+03 1.237483033589611425e+00 1.516822903163108360e-01
1.025359999999999900e+03 9.620360063739480383e-01 1.276904171192226878e-01
1.025596999999999980e+03 1.442496953418809458e+00 1.803754504331176733e-01
1.025833000000000084e+03 1.252393461943810626e+00 1.513544012323641275e-01
1.026068999999999960e+03 1.038517013067768335e+00 1.248503612830834109e-01
1.026305000000000064e+03 2.029447690040224295e+00 2.595991897754841848e-01
1.026540999999999940e+03 -1.941330776401235170e+01 2.601687523108729749e+00
1.026778000000000020e+03 2.742655012198091935e+00 3.753539217058230459e-01
1.027013999999999896e+03 1.416950871761927466e+00 1.625188173744568088e-01
1.027250999999999976e+03 2.657717067470462879e+00 2.739865561770842839e-01
1.027487000000000080e+03 1.228503317081751200e+00 1.446563621634512076e-01
1.027723999999999933e+03 1.517875025318186744e+00 2.329728126371937436e-01
1.027961000000000013e+03 1.345491843485246442e+01 1.737078499860248204e+00
1.028196999999999889e+03 1.676083864533455703e+00 1.716843553734623273e-01
1.028433999999999969e+03 2.197230160825242695e+00 2.449009855675352287e-01
1.028671000000000049e+03 1.007512652206027326e+01 9.385557140064940684e-01
1.028907999999999902e+03 3.882905979758469073e+00 3.627064636509814144e-01
1.029144999999999982e+03 9.306625480069093959e-01 1.037499842031590208e-01
1.029382000000000062e+03 1.107658557191707693e+00 1.124167088286616711e-01
1.029618999999999915e+03 7.205882888651325757e+00 7.324201975253981090e-01
1.029855999999999995e+03 9.738339492595453617e-01 9.323992407496357882e-02
1.030093000000000075e+03 1.551365322309838923e+00 1.626334227688954193e-01
1.030329999999999927e+03 1.712695227093959938e+00 1.790968417431102744e-01
1.030567999999999984e+03 1.486175045949735818e+00 1.398989794912511575e-01
1.030805000000000064e+03 1.722658092297339127e+00 1.840836121300793160e-01
1.031041999999999916e+03 3.544895766440780083e+00 3.648747008157378624e-01
1.031279999999999973e+03 1.175435375181189235e+00 1.653689073884963001e-01
1.031517000000000053e+03 5.657481841009824874e-01 2.023088460825454293e-01
1.031755000000000109e+03 1.669378908603118827e-01 1.803252951441719765e-01
1.031991999999999962e+03 5.825071768539004102e-01 3.261527929797421455e-01
1.032230000000000018e+03 1.160234118900539846e+00 7.163909976264241086e-01
1.032468000000000075e+03 8.995051935465006032e-01 1.741770325563062050e-01
1.032705999999999904e+03 1.435950160483807636e+00 1.758285808654329596e-01
1.032942999999999984e+03 2.751594944138926913e+00 2.731829865466946505e-01
1.033181000000000040e+03 2.782881167479906104e+00 2.384559545310883932e-01
1.033419000000000096e+03 2.242692670921022646e+00 1.867118893475480379e-01
1.033656999999999925e+03 1.338607586438169461e+00 1.624168598449543255e-01
1.033894999999999982e+03 1.465416359249823053e+00 1.647000543647158533e-01
1.034133000000000038e+03 2.594507080087493645e+00 3.389339575578494412e-01
1.034371000000000095e+03 1.676725122601109730e+00 2.031960082314544502e-01
1.034608999999999924e+03 1.492612787328487789e+00 1.751140622496625832e-01
1.034847999999999956e+03 1.343399060042263393e+00 1.914574004847510724e-01
1.035086000000000013e+03 1.326448991690167611e+00 1.689903683160224879e-01
1.035324000000000069e+03 1.772109349501223008e+00 1.527740654729685121e-01
1.035563000000000102e+03 3.437032619981887471e+00 3.067809819486621015e-01
1.035800999999999931e+03 2.781856429267382858e+00 2.433831082659894396e-01
1.036039999999999964e+03 1.544753051592310911e+00 1.247229661305644249e-01
1.036278000000000020e+03 1.335627259346040541e+00 1.074063339634747788e-01
1.036517000000000053e+03 1.428982835918827021e+00 1.413822746837768152e-01
1.036756000000000085e+03 1.664060387958826492e+00 1.721580921454631818e-01
1.036993999999999915e+03 1.310114250096833688e+00 1.242205945071484380e-01
1.037232999999999947e+03 6.403315770914479899e+00 6.085783022450236279e-01
1.037471999999999980e+03 1.821063114697389462e+00 1.693266685358686408e-01
1.037711000000000013e+03 1.842863490669625737e+00 1.702726844449104493e-01
1.037950000000000045e+03 1.585727595467651518e+00 1.596173998654122350e-01
1.038189000000000078e+03 8.012181661542613353e-01 7.754113996667619246e-02
1.038428000000000111e+03 3.003000392293670551e+00 2.720631779351097568e-01
1.038666999999999916e+03 1.431291474134710695e+00 1.239821834635136261e-01
1.038905999999999949e+03 2.124695626546576843e+00 1.891910509861849665e-01
1.039145999999999958e+03 1.896089860201480404e+00 1.819787732387629642e-01
1.039384999999999991e+03 1.388438302854147599e+00 1.389437692968033267e-01
1.039624000000000024e+03 2.706552003581218280e+00 2.662196611564949800e-01
1.039864000000000033e+03 1.358126402363579288e+00 1.302389005815530465e-01
1.040103000000000065e+03 7.274464506166819611e+00 6.396749000864280221e-01
1.040343000000000075e+03 2.405167140869199027e+00 2.223175202639062487e-01
1.040582000000000107e+03 9.904323775807981622e-01 1.049899745895908759e-01
1.040821999999999889e+03 1.121093973648956688e+00 1.029262222331712301e-01
1.041061999999999898e+03 1.067064069879674282e+00 1.394945964440787445e-01
1.041300999999999931e+03 3.586382811767486523e+00 3.358625375955393011e-01
1.041541999999999916e+03 1.219392475929325315e+00 1.387159061261395432e-01
1.041780999999999949e+03 1.284768847385010071e+00 1.490358950991347575e-01
1.042020999999999958e+03 1.797471442873461944e+00 1.488986069418514468e-01
1.042260999999999967e+03 1.333672367266043768e+00 1.469577146558676273e-01
1.042500999999999976e+03 3.311214011691297365e+00 2.618191419201623127e-01
1.042740999999999985e+03 1.536641268071701427e+00 2.059925841411406611e-01
1.042980999999999995e+03 1.266421464123066443e+00 1.319413137296657768e-01
1.043221000000000004e+03 2.459296390393790332e+00 2.517694225107137695e-01
1.043461999999999989e+03 1.110052722453106711e+00 1.959732097967843700e-01
1.043701999999999998e+03 8.202566448668537902e-01 1.236295926080489688e-01
1.043942000000000007e+03 2.170974088366269150e+00 2.380648747581415314e-01
1.044182000000000016e+03 1.250401290317271474e+01 1.353413621570023206e+00
1.044423000000000002e+03 1.194553933367669130e+00 1.294872648323914244e-01
1.044663000000000011e+03 1.541954573046511845e+00 1.642398895809370762e-01
1.044903999999999996e+03 1.590049150726020377e+00 1.541028430279662853e-01
1.045144999999999982e+03 1.189819030080746742e+00 1.037780422108294381e-01
1.045384999999999991e+03 1.280889624265329374e+00 1.146354205885240646e-01
1.045625999999999976e+03 1.111986140352952290e+00 1.229614165404996073e-01
1.045866999999999962e+03 3.247856639284156355e+00 4.020856546075340376e-01
1.046107999999999947e+03 3.573827584641525057e+00 4.341913133664360158e-01
1.046348999999999933e+03 1.290213214020308197e+00 1.472534112144411877e-01
1.046589999999999918e+03 1.610933533790927630e+00 1.702313366586148680e-01
1.046830999999999904e+03 1.966666584358888414e+01 2.025467672796950058e+00
1.047071999999999889e+03 1.428672756797989329e+00 1.552330278340483816e-01
1.047313000000000102e+03 2.472667986338597412e+00 2.669797965523482142e-01
1.047554000000000087e+03 2.186593427664793143e+00 2.300228462659099082e-01
1.047796000000000049e+03 2.004863007297445154e+00 2.148229732420161020e-01
1.048036000000000058e+03 2.399776492545524054e+00 2.550830476499549859e-01
1.048278000000000020e+03 2.073925342543323946e+00 1.850909059938291301e-01
1.048519000000000005e+03 2.197632763832610525e+00 1.837435007802346310e-01
1.048759999999999991e+03 2.506981677581471502e+00 2.070917083679918169e-01
1.049001999999999953e+03 2.220489098767741698e+00 1.727397318902462175e-01
1.049243999999999915e+03 2.295930666588875013e+00 1.750377575903032945e-01
1.049486000000000104e+03 1.845367252503995692e+00 1.743535373739891481e-01
1.049727000000000089e+03 1.373486060149385235e+00 1.270936427024151327e-01
1.049969000000000051e+03 1.414482248917753981e+00 1.371804113140574211e-01
1.050211000000000013e+03 2.090033046174276432e+00 1.911590563881108151e-01
1.050451999999999998e+03 1.705960621279441369e+00 1.475464831961913192e-01
1.050694999999999936e+03 1.377758315501244946e+00 1.245939004032814157e-01
1.050935999999999922e+03 1.466115414978662379e+00 1.317702871446796986e-01
1.051179000000000087e+03 1.528968313996488915e+00 1.601746037505198117e-01
1.051421000000000049e+03 3.385456176587177346e+00 3.042611253677160454e-01
1.051663000000000011e+03 6.773734394356896615e+00 5.592966761433855183e-01
1.051904999999999973e+03 1.380515200445409540e+00 1.124983712934975871e-01
1.052146999999999935e+03 1.586038355817268819e+00 1.347750748602582482e-01
1.052390000000000100e+03 2.684873081479987711e+00 2.796020903589186424e-01
1.052631000000000085e+03 8.200801531867178973e-01 1.082647827188949058e-01
1.052874000000000024e+03 -3.266431335236283040e+00 6.639632096416111517e-01
1.053116999999999962e+03 6.415206339306624983e-01 1.139609581593513110e-01
1.053358999999999924e+03 2.640810692852204156e+00 2.906891180526640084e-01
1.053602000000000089e+03 2.650246856783428306e+00 2.369457987236744390e-01
1.053844000000000051e+03 1.351222612287123148e+00 1.109343431682869308e-01
1.054086999999999989e+03 2.405353942551609503e+00 1.777559688829460083e-01
1.054329999999999927e+03 1.812840282598333852e+00 1.378247169162650221e-01
1.054573000000000093e+03 1.409528241948569072e+00 1.073640166699203063e-01
1.054815000000000055e+03 3.149321945417217439e+00 2.324535868363594715e-01
1.055058999999999969e+03 3.261125870484598455e+00 2.481796133266668813e-01
1.055300999999999931e+03 1.550032228319136562e+00 1.273838366278286782e-01
1.055544000000000096e+03 2.233113230360831647e+00 1.540684621668227117e-01
1.055787000000000035e+03 2.219247972567248706e+00 1.621292443321215027e-01
1.056029999999999973e+03 1.618805569505739728e+00 1.432614146755291917e-01
1.056273999999999887e+03 2.282353618163992959e+00 1.982549267558005590e-01
1.056517000000000053e+03 2.393785826299481556e+00 1.760977815764411536e-01
1.056759999999999991e+03 1.666918664270778949e+00 1.292040842170534831e-01
1.057003999999999905e+03 1.682096703824866424e+00 1.288344380353790841e-01
1.057247000000000071e+03 1.267660061450400999e+00 1.019858163852757349e-01
1.057490000000000009e+03 2.185846121321381563e+00 1.721594877609075314e-01
1.057733999999999924e+03 2.166346645077293243e+00 1.704547497044491267e-01
1.057978000000000065e+03 2.701724149507054307e+00 2.159209500381097657e-01
1.058221000000000004e+03 3.085315981169213018e+00 2.453239644860211177e-01
1.058464999999999918e+03 1.144873354895079132e+00 9.943135323251912905e-02
1.058708000000000084e+03 1.184068053121166475e+00 9.863723862398737774e-02
1.058952999999999975e+03 4.274335271317308838e+00 3.730229517032133124e-01
1.059195999999999913e+03 2.470571745951318121e+00 2.171571336698302490e-01
1.059440000000000055e+03 1.608360427362266032e+00 1.314372167193752494e-01
1.059683999999999969e+03 1.789027044285609325e+00 1.377612146694887352e-01
1.059928000000000111e+03 2.015948993733363004e+00 1.420592942400849268e-01
1.060173000000000002e+03 1.545659489916351159e+00 1.215743438718072666e-01
1.060416999999999916e+03 1.069487905637754865e+00 7.981055928953663392e-02
1.060661000000000058e+03 1.256472532079121240e+00 9.621604319181585596e-02
1.060904999999999973e+03 1.340410696789436251e+00 1.102729633034708473e-01
1.061148999999999887e+03 1.402629074758666938e+00 1.095332297397832583e-01
1.061394000000000005e+03 1.417003129030384834e+00 1.302610693229745986e-01
1.061637999999999920e+03 1.609007560100021550e+00 1.158074531070660135e-01
1.061883000000000038e+03 1.658682381039397358e+00 1.216869129273062955e-01
1.062126999999999953e+03 1.368091073906700705e+00 1.094916810913144078e-01
1.062372000000000071e+03 1.931400082111129235e+00 1.493722790244043086e-01
1.062615999999999985e+03 2.677034738125631641e+00 2.128620796701362894e-01
1.062861000000000104e+03 1.567639307228915868e+00 1.309530246536808329e-01
1.063105999999999995e+03 1.928021192138123840e+00 1.528789648208364604e-01
1.063349999999999909e+03 2.823873168115627497e+00 2.169208165002005362e-01
1.063596000000000004e+03 1.723533214419734394e+00 1.427293568418545877e-01
1.063839999999999918e+03 1.493415196486431507e+00 1.237620231028518369e-01
1.064085000000000036e+03 1.425867523786731539e+00 1.103126196275292931e-01
1.064329999999999927e+03 9.537715823435195528e-01 8.295403422767134993e-02
1.064575000000000045e+03 1.824192566514689196e+00 1.399867219996978884e-01
1.064820999999999913e+03 1.308846350911998746e+00 1.020401850872669630e-01
1.065066000000000031e+03 2.491969444743217021e+00 1.923938627415759106e-01
1.065310999999999922e+03 1.896052527436398849e+00 1.383456876574691852e-01
1.065556000000000040e+03 1.164432086151262924e+00 8.572053339424777485e-02
1.065801999999999907e+03 2.538108909795745216e+00 1.792163920373923691e-01
1.066047000000000025e+03 1.401627283369439203e+00 1.042803842154128441e-01
1.066292999999999893e+03 1.230632477177149964e+00 9.398129475220778906e-02
1.066538000000000011e+03 1.359828343461047417e+00 9.843103577106389335e-02
1.066784000000000106e+03 1.912064044766279780e+00 1.318103128442018324e-01
1.067029999999999973e+03 2.141452635680110905e+00 1.496745310915296445e-01
1.067275000000000091e+03 1.400949920883188815e+00 1.028771248662236348e-01
1.067520999999999958e+03 1.429465912753577372e+00 1.160015463968150778e-01
1.067767000000000053e+03 2.019146680001382865e+00 1.670442513733337297e-01
1.068012999999999920e+03 2.854034396914095328e+00 2.325101020576283706e-01
1.068259000000000015e+03 1.361811372985625823e+00 1.145431315483788626e-01
1.068505000000000109e+03 1.209290102760208097e+00 1.093958053707373840e-01
1.068750999999999976e+03 9.883748298045725633e+00 6.670289066493898522e-01
1.068997000000000071e+03 1.746329846355643145e+00 1.299610370931181258e-01
1.069242999999999938e+03 1.452032447231995871e+00 1.034970938835161752e-01
1.069489000000000033e+03 1.810313830428991633e+00 1.247078073304489498e-01
1.069734999999999900e+03 1.320899392856853982e+00 1.038353983818507548e-01
1.069981999999999971e+03 1.173496782861787047e+00 8.796097591636170554e-02
1.070228000000000065e+03 1.529755825328005470e+00 1.132005120653948177e-01
1.070474999999999909e+03 1.113370263790801395e+00 9.113924720295578374e-02
1.070721000000000004e+03 1.498616237037353915e+00 1.102125638571944261e-01
1.070968000000000075e+03 1.474562655163182967e+00 1.123866531327623319e-01
1.071213999999999942e+03 1.200912820662940472e+00 1.040863106810327038e-01
1.071461000000000013e+03 1.804581295281877162e+00 1.393398231472285920e-01
1.071708000000000084e+03 2.924535946865146840e+00 2.200344085483758039e-01
1.071954999999999927e+03 1.539784561538029450e+00 1.145813021162114947e-01
1.072201999999999998e+03 1.680444313273741219e+00 1.150497809628030776e-01
1.072448000000000093e+03 1.980185176172055250e+00 1.383595520947741853e-01
1.072695999999999913e+03 1.727755799286099903e+00 1.336254408448289410e-01
1.072942999999999984e+03 1.297189320559246628e+00 9.220646368461667131e-02
1.073189000000000078e+03 9.476728117268008456e-01 7.174477139711520068e-02
1.073436999999999898e+03 1.623803319690409364e+00 1.130184464297282476e-01
1.073683999999999969e+03 1.364349211243730986e+00 9.465787693270509562e-02
1.073931000000000040e+03 1.177767560741837860e+00 8.304349135211085142e-02
1.074178000000000111e+03 1.455196468707001589e+00 1.000976585513918826e-01
1.074425999999999931e+03 1.609247043141429856e+00 1.181987303710123338e-01
1.074673000000000002e+03 1.533430210035997998e+00 1.009334555315148513e-01
1.074920000000000073e+03 1.945021151934686943e+00 1.276754993754653511e-01
1.075167999999999893e+03 1.521580336142611012e+00 1.000586979909250801e-01
1.075415999999999940e+03 1.906663557689333599e+00 1.360598011643748828e-01
1.075663999999999987e+03 3.162689050757886644e+00 2.630173549963766844e-01
1.075911000000000058e+03 2.931764310340228441e+00 2.327965599004471198e-01
1.076159000000000106e+03 1.410676951212463504e+00 1.180303784036394465e-01
1.076406999999999925e+03 1.122202655003636140e+00 7.679115750458018197e-02
1.076654999999999973e+03 2.308258001611265708e+00 1.375589443132338441e-01
1.076903000000000020e+03 2.082670616341450565e+00 1.300254058331855589e-01
1.077150000000000091e+03 1.351601859469622191e+00 9.009602299342053811e-02
1.077398999999999887e+03 1.366166458966379560e+00 8.449649870406933383e-02
1.077646999999999935e+03 1.314569898849008878e+00 9.025253475875318065e-02
1.077894999999999982e+03 2.094329219345613780e+00 1.380196206890217658e-01
1.078143000000000029e+03 1.525121726160542757e+00 9.707995705425224997e-02
1.078392000000000053e+03 1.558537365936430108e+00 9.660075822846360405e-02
1.078640000000000100e+03 1.508635710244817796e+00 9.067331448929748239e-02
1.078887999999999920e+03 1.225818010840794781e+00 8.178586266397483429e-02
1.079136999999999944e+03 1.598531494258618846e+00 1.063703732017181186e-01
1.079384999999999991e+03 1.634577471208014554e+00 1.186934827088439309e-01
1.079634000000000015e+03 1.111146506750172014e+00 7.378660955288549039e-02
1.079882000000000062e+03 1.542666849995656397e+00 1.008349167100949795e-01
1.080131000000000085e+03 2.404349289685418611e+00 1.543031309899965953e-01
1.080380000000000109e+03 2.259718142108412486e+00 1.491064671209155479e-01
1.080627999999999929e+03 1.935133088345524666e+00 1.205869786932889376e-01
1.080877999999999929e+03 1.558747193437762357e+00 1.112008220137460923e-01
1.081125999999999976e+03 1.544772797958974486e+00 1.092485208842316063e-01
1.081375000000000000e+03 1.122849844838594402e+00 7.558873551016735692e-02
1.081624000000000024e+03 1.185140832211441619e+00 7.943995171997585147e-02
1.081874000000000024e+03 1.994341086736606483e+00 1.272561097018238552e-01
1.082123000000000047e+03 2.008154179956620933e+00 1.262873233622596458e-01
1.082372000000000071e+03 1.472997394708796870e+00 9.176879975540593037e-02
1.082621000000000095e+03 1.750839732629420054e+00 1.154700100392212631e-01
1.082869999999999891e+03 1.743968529084854335e+00 1.309006602434818478e-01
1.083119999999999891e+03 1.213468819232571327e+00 1.018781954317095478e-01
1.083368999999999915e+03 9.928906168916707964e-01 8.287775149108249362e-02
1.083618999999999915e+03 9.471313924929624095e-01 8.101753142948173170e-02
1.083867999999999938e+03 9.678033554546436878e-01 7.604807508984326447e-02
1.084117999999999938e+03 1.510669309413342765e+00 1.070674542907236459e-01
1.084366999999999962e+03 1.393824399840240646e+00 9.349754108634365790e-02
1.084616999999999962e+03 1.291877737847729746e+00 8.802872455782934091e-02
1.084866999999999962e+03 1.366910729456779050e+00 9.699633809333087220e-02
1.085116999999999962e+03 1.337238627096059007e+00 8.693210735213666163e-02
1.085366999999999962e+03 1.481686633938924080e+00 1.004624954037837414e-01
1.085615999999999985e+03 1.674809182004826313e+00 1.069776696942101590e-01
1.085865999999999985e+03 1.595218757754932382e+00 1.003667203963253818e-01
1.086116999999999962e+03 1.218942207640970610e+00 8.230190898595697579e-02
1.086366999999999962e+03 1.364329509050395295e+00 9.260338635104925498e-02
1.086616999999999962e+03 2.426114937728585108e+00 1.638774402913338313e-01
1.086866999999999962e+03 1.283175470450030664e+00 9.994445434970444797e-02
1.087117999999999938e+03 9.693631842908274621e-01 8.935074708560235279e-02
1.087367999999999938e+03 1.402343923091299960e+00 1.320779682121598908e-01
1.087617999999999938e+03 2.141837000150179637e+00 1.829814507677624269e-01
1.087868999999999915e+03 1.656628208757488618e+00 1.264302553771727289e-01
1.088118999999999915e+03 1.492197426354554102e+00 1.014131457159552913e-01
1.088369999999999891e+03 2.258983530344234936e+00 1.426887325851812771e-01
1.088619999999999891e+03 1.333655707115270816e+00 9.149248549896576987e-02
1.088871000000000095e+03 1.303779061793408633e+00 9.001211119122493054e-02
1.089122000000000071e+03 1.240430764835228405e+00 8.173474966987313850e-02
1.089372000000000071e+03 9.112379956190093111e-01 6.986251661015230319e-02
1.089624000000000024e+03 1.326969150420968413e+00 9.052297519310346929e-02
1.089874000000000024e+03 1.611931050092001216e+00 1.108355128841440329e-01
1.090125999999999976e+03 1.417260593846477512e+00 9.132877448827786404e-02
1.090375999999999976e+03 1.852079539758292759e+00 1.322266969298925288e-01
1.090627999999999929e+03 2.911465457972736814e+00 2.154318484718235061e-01
1.090878999999999905e+03 2.968972660935165653e+00 1.770501800418489147e-01
1.091130000000000109e+03 1.933579198114286246e+00 1.360008813301433750e-01
1.091381000000000085e+03 2.897195384204948709e+00 1.926832072376421234e-01
1.091632000000000062e+03 1.704628553691486248e+00 1.144759508769403605e-01
1.091884000000000015e+03 1.459385441186883181e+00 1.067508704458828839e-01
1.092134999999999991e+03 1.386338328170167555e+00 1.019867667576290216e-01
1.092386999999999944e+03 1.429364009916808120e+00 9.392657049206978859e-02
1.092637999999999920e+03 1.622857406760264354e+00 1.085668383720092833e-01
1.092890000000000100e+03 1.727126014251797015e+00 1.133733173093097041e-01
1.093142000000000053e+03 1.313865858451775948e+00 9.093257118722262999e-02
1.093393000000000029e+03 1.385528568940681549e+00 1.090754818646211127e-01
1.093644999999999982e+03 1.509028568258830694e+00 1.120741791983829450e-01
1.093896999999999935e+03 1.620066623597404831e+00 9.756342782954463555e-02
1.094148999999999887e+03 1.488374121122156613e+00 1.056143287560410982e-01
1.094401000000000067e+03 1.333206121791709275e+00 8.540045439785369508e-02
1.094653000000000020e+03 1.605519805101978781e+00 9.509832380446650579e-02
1.094904999999999973e+03 1.370521985415630528e+00 8.216745788990738320e-02
1.095156999999999925e+03 1.429328663963685742e+00 9.438628582710695269e-02
1.095410000000000082e+03 1.883599950355705266e+00 1.210366751965165633e-01
1.095661000000000058e+03 1.372376678328668609e+00 9.345406682001963783e-02
1.095913999999999987e+03 1.731591864940546843e+00 1.134490660208143931e-01
1.096165999999999940e+03 1.387938217229906845e+00 8.066421329580310273e-02
1.096419000000000096e+03 1.420121071779628652e+00 8.507792124961277569e-02
1.096671000000000049e+03 1.204616398006771227e+00 8.422723067865252322e-02
1.096923999999999978e+03 9.876648978279596314e-01 7.397464395837097251e-02
1.097176999999999907e+03 1.152424547584489867e+00 9.131753616334251089e-02
1.097429000000000087e+03 2.166661949775165130e+00 1.541455105140852877e-01
1.097682000000000016e+03 1.641139165986399862e+00 1.190225613195496634e-01
1.097933999999999969e+03 1.189305579043167471e+00 8.710222359794891900e-02
1.098188000000000102e+03 1.285780972970930414e+00 8.504274138688977525e-02
1.098440000000000055e+03 1.508745700809327461e+00 1.009499299750972329e-01
1.098692999999999984e+03 1.580657090988586866e+00 1.116816912443304444e-01
1.098945999999999913e+03 1.390394169687455994e+00 9.317190503987218819e-02
1.099199000000000069e+03 1.404257710162314154e+00 9.258272417465202020e-02
1.099452999999999975e+03 1.586413373344687905e+00 1.058225463194470417e-01
1.099704999999999927e+03 1.781316582366331502e+00 1.216637394150088813e-01
1.099959000000000060e+03 1.670164982873886705e+00 1.248848627971392566e-01
1.100211999999999989e+03 1.242785289799999582e+00 1.101996873345803540e-01
1.100464999999999918e+03 1.020949676072893775e+00 9.592480842421347020e-02
1.100719000000000051e+03 1.447459325122697260e+00 1.257359329309971352e-01
1.100971999999999980e+03 1.799587554741361783e+00 1.363310574461401026e-01
1.101226000000000113e+03 1.446455407077094302e+00 9.967253390592842321e-02
1.101479000000000042e+03 1.111217766015244912e+00 7.617673159517342196e-02
1.101732999999999947e+03 1.227931764813583015e+00 8.120234522434763291e-02
1.101987000000000080e+03 1.953413530523195885e+00 1.290875183335971066e-01
1.102240000000000009e+03 1.356851436800950106e+00 8.922863043964118779e-02
1.102494999999999891e+03 1.145310302220946541e+00 7.323531797787165287e-02
1.102748000000000047e+03 1.250707126287698534e+00 7.740740427171008409e-02
1.103002999999999929e+03 1.238449317907363456e+00 8.616003170095859476e-02
1.103256000000000085e+03 1.153600975403555440e+00 7.777018630468789107e-02
1.103510999999999967e+03 9.539162076090198505e-01 6.938573869221038859e-02
1.103765000000000100e+03 1.576214317149114530e+00 1.202921119445131831e-01
1.104019000000000005e+03 1.029012335324705596e+00 7.179384782131843779e-02
1.104272999999999911e+03 1.130143998730441357e+00 7.501152511491297747e-02
1.104527000000000044e+03 1.734672045710110577e+00 1.296520373888137845e-01
1.104781999999999925e+03 1.055733766273026841e+00 9.123435189128210887e-02
1.105036000000000058e+03 1.216427931706424159e+00 1.129643043478359699e-01
1.105290999999999940e+03 1.852916735086248323e+00 1.722041099615143622e-01
1.105545000000000073e+03 1.998391784543541716e+00 1.591510936537141874e-01
1.105798999999999978e+03 1.811083170578639878e+00 1.191493635088326092e-01
1.106054000000000087e+03 1.598098125816673543e+00 9.632202598543079808e-02
1.106308999999999969e+03 1.217706437279584497e+00 8.058997808085899273e-02
1.106564000000000078e+03 1.158840098456072720e+00 7.023946712202717990e-02
1.106817999999999984e+03 1.272788811049671676e+00 8.552394146012889942e-02
1.107074000000000069e+03 1.282688826358215239e+00 8.654506477001594478e-02
1.107327999999999975e+03 1.680905989465261152e+00 9.374955551226323014e-02
1.107583000000000084e+03 1.818359185555455060e+00 1.157787552666062064e-01
1.107838999999999942e+03 1.760703606054862203e+00 1.116094115089712735e-01
1.108094000000000051e+03 1.287952194602313805e+00 1.012028319908024054e-01
1.108348999999999933e+03 1.003643696513966344e+00 8.320966073262237028e-02
1.108604000000000042e+03 1.070270021552936157e+00 8.033855127166704413e-02
1.108859999999999900e+03 1.031825818192855904e+00 7.289791840704623604e-02
1.109115000000000009e+03 1.029347753694734635e+00 7.282663148476500869e-02
1.109369999999999891e+03 1.328332209446974943e+00 1.031286561808475166e-01
1.109625999999999976e+03 1.310645374781918671e+00 9.526937485697982433e-02
1.109881000000000085e+03 1.995754591064325734e+00 5.087028674341965706e-01
1.110136999999999944e+03 1.801038874179901494e+00 3.907989343487207057e-01
1.110392000000000053e+03 1.436180639096340750e+00 8.668315452275673905e-02
1.110647999999999911e+03 1.337782720991243846e+00 8.544673965687353545e-02
1.110903999999999996e+03 1.546664367690816944e+00 9.524430027902300311e-02
1.111159000000000106e+03 1.306404313681617468e+00 8.051746817876245799e-02
1.111415999999999940e+03 1.102625480984120498e+00 6.750791230657593456e-02
1.111671000000000049e+03 1.027481746781556238e+00 6.451500793824478663e-02
1.111928000000000111e+03 1.104015442938203861e+00 7.332919475609714355e-02
1.112182999999999993e+03 1.345188749796780936e+00 9.005607760255786298e-02
1.112440000000000055e+03 1.436167916880137119e+00 1.019792523961441655e-01
1.112695999999999913e+03 2.380958685234550121e+00 7.624372536881647289e-01
1.112951999999999998e+03 1.609564781934787359e+00 3.445344763229724605e-01
1.113208000000000084e+03 1.296426247205136439e+00 8.696342465355649809e-02
1.113464999999999918e+03 1.185072801098139061e+00 8.332133530076372974e-02
1.113721000000000004e+03 1.091060627693676288e+00 7.837128855486920342e-02
1.113978000000000065e+03 9.815813738517534803e-01 7.462391434128680390e-02
1.114233999999999924e+03 1.033564062568490982e+00 7.235211734642980896e-02
1.114490999999999985e+03 1.501060852835653936e+00 2.815703961900296037e-01
1.114747000000000071e+03 1.144226228775980791e+00 7.571241536649148118e-02
1.115003999999999905e+03 8.903932829055130060e-01 1.568445743509885859e-01
1.115260999999999967e+03 1.371684959713346696e+00 3.033840608226625046e-01
1.115518000000000029e+03 1.156490858429316093e+00 2.667112222979389768e-01
1.115773999999999887e+03 1.118577134105378734e+00 2.237361984840895712e-01
1.116031999999999925e+03 1.879301219936431178e+00 4.026983621725101492e-01
1.116288000000000011e+03 1.955855480881213637e+00 3.840942876278776175e-01
1.116546000000000049e+03 1.882425684685789635e+00 4.143955747752618990e-01
1.116803000000000111e+03 1.819947580999011327e+00 3.698097314451389006e-01
1.117059999999999945e+03 1.151317174653942121e+00 6.705428236064781000e-02
1.117317000000000007e+03 1.367300213422216082e+00 7.998289472785026499e-02
1.117574000000000069e+03 1.210425552879007105e+00 7.184628897572356565e-02
1.117832000000000107e+03 1.322575933881587007e+00 2.368165731057394197e-01
1.118088999999999942e+03 1.381621312049972516e+00 3.367029333030842064e-01
1.118346999999999980e+03 1.034936100927531077e+00 3.016646647949865478e-01
1.118604000000000042e+03 1.388472924280194309e+00 3.941793740600122442e-01
1.118862000000000080e+03 1.266234897918856683e+00 2.334759413617327195e-01
1.119119999999999891e+03 1.137186944573939762e+00 6.854411171050978080e-02
1.119376999999999953e+03 1.412980427524768379e+00 7.914392515997767386e-02
1.119634999999999991e+03 1.436223541914495527e+00 8.204454502844006625e-02
1.119893000000000029e+03 1.455620321653975147e+00 2.305057682182146683e-01
1.120151000000000067e+03 2.016496401099377334e+00 4.623065816374918313e-01
1.120409000000000106e+03 1.096287012222836088e+00 6.452058862265604156e-02
1.120665999999999940e+03 1.139933116387813472e+00 6.734949087092027831e-02
1.120924999999999955e+03 1.197342847266697818e+00 7.279658144518443008e-02
1.121182999999999993e+03 1.250850250325507007e+00 8.181027409455134125e-02
1.121441000000000031e+03 1.119846152515304283e+00 8.215862669246444538e-02
1.121699000000000069e+03 8.978044582550849251e-01 6.588748784773215683e-02
1.121958000000000084e+03 1.216343885697420246e+00 2.409460843767332050e-01
1.122215999999999894e+03 9.886819683712630979e-01 2.133658833318968218e-01
1.122473999999999933e+03 7.784783711881946289e-01 2.315352551663479308e-01
1.122732999999999947e+03 1.048113878643837316e+00 4.603503547739090651e-01
1.122990999999999985e+03 1.409614649488696525e+00 6.257653413137767018e-01
1.123250000000000000e+03 1.270361267728466581e+00 3.761958697421752817e-01
1.123509000000000015e+03 1.408029389102254170e+00 5.530492724734351606e-01
1.123768000000000029e+03 4.825849133971616967e-01 9.888294015897183820e-02
1.124026000000000067e+03 7.759504402218244667e-01 6.884776722456824316e-02
1.124285000000000082e+03 1.602994273220265997e+00 3.469918080056191845e-01
1.124544000000000096e+03 1.366637198768568817e+00 2.443389559304971481e-01
1.124803000000000111e+03 1.245350171620000612e+00 7.127468476866816172e-02
1.125061999999999898e+03 1.877588078338002786e+00 4.286002677484399559e-01
1.125320999999999913e+03 1.015315576409452580e+00 6.523844977926174238e-02
1.125580999999999904e+03 1.261484246514186669e+00 7.747018304850009085e-02
1.125838999999999942e+03 1.166192987342285159e+00 7.913664205631947002e-02
1.126098999999999933e+03 9.119086341669727647e-01 5.689386035829978316e-02
1.126357999999999947e+03 1.210169961332456801e+00 1.871237219543658570e-01
1.126616999999999962e+03 2.268021762673818831e+00 5.551124283789178326e-01
1.126876999999999953e+03 1.086180796420276318e+00 1.590986424514160558e-01
1.127135999999999967e+03 1.080126298933741680e+00 6.855484702247006956e-02
1.127395999999999958e+03 1.146642239341350011e+00 7.126451613875384172e-02
1.127655999999999949e+03 9.442429254687441098e-01 5.773860312994637256e-02
1.127914999999999964e+03 1.292067448409081942e+00 1.895144997469770387e-01
1.128174999999999955e+03 1.422181894936746627e+00 2.396225056550564392e-01
1.128434999999999945e+03 1.077119580092059214e+00 1.530483440916944604e-01
1.128694999999999936e+03 1.188953098281553489e+00 1.757941646213778408e-01
1.128953999999999951e+03 1.419183072853056338e+00 2.388443103653083432e-01
1.129214999999999918e+03 1.326748070185472805e+00 2.169856206055558179e-01
1.129473999999999933e+03 1.033342465776193375e+00 6.895906218584142711e-02
1.129733999999999924e+03 1.365573857384567047e+00 8.351892448042604056e-02
1.129994999999999891e+03 1.041154984520601845e+00 6.570647810248661513e-02
1.130255000000000109e+03 9.903092090910515788e-01 6.726059487962982031e-02
1.130515000000000100e+03 1.315797086711689490e+00 2.557456690833945223e-01
1.130775000000000091e+03 1.305626008532293714e+00 2.180762082499835275e-01
1.131036000000000058e+03 9.325180688868259793e-01 5.841177455516576716e-02
1.131297000000000025e+03 1.500013743882232742e+00 9.000085594810866563e-02
1.131557000000000016e+03 8.896486439317569106e-01 5.710574241501770870e-02
1.131817999999999984e+03 8.079964721342414169e-01 5.721390233356716398e-02
1.132077999999999975e+03 9.268066440640485570e-01 1.718991991468874492e-01
1.132338999999999942e+03 7.901822678065135719e-01 2.034379632048952113e-01
1.132599999999999909e+03 1.546955704339952442e+00 4.267880063026620041e-01
1.132861000000000104e+03 1.238392458896893089e+00 2.666895858315453949e-01
1.133121000000000095e+03 1.828479051320714976e+00 4.497380031881078044e-01
1.133382000000000062e+03 1.471120305451442789e+00 2.732019250696918755e-01
1.133643000000000029e+03 1.234636325778007082e+00 7.785316226652536087e-02
1.133903999999999996e+03 1.125374474693714211e+00 7.364734083541459031e-02
1.134165999999999940e+03 7.907915007116208539e-01 5.431875380335741965e-02
1.134426999999999907e+03 9.378143393598497024e-01 6.069701883076767529e-02
1.134688000000000102e+03 1.731966898796106769e+00 3.748033346964296797e-01
1.134949000000000069e+03 1.506974114558999656e+00 3.096379197127833161e-01
1.135210000000000036e+03 1.171142790198562045e+00 2.395031868939269115e-01
1.135471999999999980e+03 1.108188726596832208e+00 3.618090467558182644e-01
1.135732999999999947e+03 4.097219583095214057e-01 1.775330302695126150e-01
1.135994999999999891e+03 5.451214576588648830e-01 1.906869854788186824e-01
1.136256000000000085e+03 1.241288338611296282e+00 3.165752898888314903e-01
1.136519000000000005e+03 1.431135833609362029e+00 2.895628740351881558e-01
1.136779999999999973e+03 1.406955094069462397e+00 2.555998550727204832e-01
1.137041999999999916e+03 1.600529021651126982e+00 3.025270267872844920e-01
1.137304000000000087e+03 1.613925374507350963e+00 3.358136465267810289e-01
1.137566000000000031e+03 1.224268257849049801e+00 1.913264779572712293e-01
1.137827999999999975e+03 1.640589362798091422e+00 3.632276424372369306e-01
1.138088999999999942e+03 1.036923382867040333e+00 1.669548450275951390e-01
1.138352000000000089e+03 1.114143054830912805e+00 1.668282704115620907e-01
1.138614000000000033e+03 1.864376569425323149e+00 4.357350649712903867e-01
1.138875999999999976e+03 1.938791395718798549e+00 3.690725108572347479e-01
1.139137999999999920e+03 1.124540034004191114e+00 1.760320508694717401e-01
1.139401000000000067e+03 1.106112375454989971e+00 2.249296594938755833e-01
1.139663000000000011e+03 1.024129392226365010e+00 2.149144292628493713e-01
1.139924999999999955e+03 1.085483129839540872e+00 2.087780110629459396e-01
1.140188000000000102e+03 1.338145229768062938e+00 2.495541250486977281e-01
1.140450000000000045e+03 1.164493504754855691e+00 1.982259251484903839e-01
1.140712999999999965e+03 1.084303302047127326e+00 1.614347064220521544e-01
1.140976000000000113e+03 1.419488949985415083e+00 2.428763561466577015e-01
1.141238000000000056e+03 1.444927257993132930e+00 2.664586432547209061e-01
1.141501999999999953e+03 1.388690174165684965e+00 3.242933276452113489e-01
1.141763999999999896e+03 1.587227540367535328e+00 6.615557176024249308e-01
1.142027000000000044e+03 7.466856270375464844e-01 3.348285231574094079e-01
1.142289999999999964e+03 8.497988071036891577e-01 2.559882662265637321e-01
1.142553000000000111e+03 1.796819032702636321e+00 5.424336750132245921e-01
1.142816000000000031e+03 1.817157037232362438e+00 4.168139952564657302e-01
1.143078999999999951e+03 1.560135801918988818e+00 2.741933397461016053e-01
1.143343000000000075e+03 1.466295216797569578e+00 2.294661163130857218e-01
1.143605999999999995e+03 1.322915420853275625e+00 1.952035510653777062e-01
1.143869999999999891e+03 1.538451589307756828e+00 2.717618230103027721e-01
1.144133000000000038e+03 1.350687512754039865e+00 2.183915770234533538e-01
1.144396999999999935e+03 1.856922459960964833e+00 4.337830178763038558e-01
1.144660000000000082e+03 2.124927114226351943e+00 7.065568425920673024e-01
1.144923000000000002e+03 1.182902941322421242e+00 2.961793538359043798e-01
1.145186999999999898e+03 1.334349060378224872e+00 2.942135186850219908e-01
1.145451000000000022e+03 2.253839376831702879e+00 5.213385239669782178e-01
1.145714999999999918e+03 1.921357459888187513e+00 3.590197431206731404e-01
1.145978000000000065e+03 1.718817195273601328e+00 3.026161008466924374e-01
1.146242999999999938e+03 1.285038524257957171e+00 2.143274413335145012e-01
1.146506000000000085e+03 1.202543285041465904e+00 1.958024378808804755e-01
1.146769999999999982e+03 2.536346328024925434e+00 9.244205327133685479e-01
1.147035000000000082e+03 2.734808182667296528e+00 1.109301538808537213e+00
1.147298000000000002e+03 2.332175256796610530e+00 6.845222601209434155e-01
1.147563000000000102e+03 2.254449840244368453e+00 5.433998924764726901e-01
1.147826999999999998e+03 1.425111705839939180e+00 2.216355303627343121e-01
1.148092000000000098e+03 1.174611488052287545e+00 1.640657259587934291e-01
1.148355999999999995e+03 2.215680758766520597e+00 4.652335086553558985e-01
1.148619999999999891e+03 1.616568589149451673e+00 2.977130985362698157e-01
1.148884999999999991e+03 1.934702852840279874e+00 4.822850111546637675e-01
1.149148999999999887e+03 1.556001132709464940e+00 4.412924514860983582e-01
1.149413999999999987e+03 1.278750263413618748e+00 3.948603395572651831e-01
1.149679000000000087e+03 1.839484376002501476e+00 6.443461270752762760e-01
1.149943999999999960e+03 1.991897694409693997e+00 5.085410630319247005e-01
1.150208000000000084e+03 3.439973050063596993e+00 1.377791722115255579e+00
1.150472999999999956e+03 4.390227308595323841e+00 2.773003401029876525e+00
1.150738000000000056e+03 1.502885208706281839e+00 3.929995037901102828e-01
1.151002999999999929e+03 1.664728959039090128e+00 4.500660175110959837e-01
1.151268000000000029e+03 3.179433071795553012e+00 1.647682545224640416e+00
1.151532999999999902e+03 1.669844078209346216e+00 4.708509267187579450e-01
1.151798999999999978e+03 2.306892048975908160e+00 8.865952834173663755e-01
1.152063000000000102e+03 2.148703691250942072e+00 7.433611395154134938e-01
1.152328999999999951e+03 2.220001676005097124e+00 6.570175621298269819e-01
1.152594000000000051e+03 1.716231275659979127e+00 3.456928113948929959e-01
1.152859999999999900e+03 1.616449314664587744e+00 2.681133945366151461e-01
1.153125000000000000e+03 2.551521251589687012e+00 6.662924472166555923e-01
1.153391000000000076e+03 2.449862386756916699e+00 5.587988776582489825e-01
1.153655999999999949e+03 2.487495030428167553e+00 5.803123744516247573e-01
1.153922000000000025e+03 1.925827725725031581e+00 3.933165603194861415e-01
1.154186999999999898e+03 1.572220296415046459e+00 2.646242054812317224e-01
1.154453999999999951e+03 1.820114084622087125e+00 3.291194485572261352e-01
1.154719000000000051e+03 2.823939285794896836e+00 7.029167847033565009e-01
1.154984999999999900e+03 2.580566174959287640e+00 6.704705491079359092e-01
1.155250999999999976e+03 2.592086876813815444e+00 7.486324520995381038e-01
1.155517000000000053e+03 1.478588984201856471e+00 2.733528037855142423e-01
1.155782999999999902e+03 1.411175879607342365e+00 2.499965365867839462e-01
1.156048999999999978e+03 2.292706418322578710e+00 7.267277096154534100e-01
1.156316000000000031e+03 2.113429340781433741e+00 6.406441230209179993e-01
1.156582000000000107e+03 1.265857617270962354e+00 2.723879674823980190e-01
1.156848999999999933e+03 1.555421500780726163e+00 4.222712547871119160e-01
1.157115000000000009e+03 2.044669894320215064e+00 5.998027089917057353e-01
1.157381000000000085e+03 2.152864921010432475e+00 5.492403140494390712e-01
1.157647999999999911e+03 2.093315342090603881e+00 4.723384377823521829e-01
1.157914999999999964e+03 2.003563040735729217e+00 4.400203530553523090e-01
1.158181000000000040e+03 1.738110170975413205e+00 3.584947850091186883e-01
1.158448000000000093e+03 2.485192207718636137e+00 7.693497476042876482e-01
1.158714999999999918e+03 1.508611521355557983e+00 3.183157040328805087e-01
1.158980999999999995e+03 1.744362944957681405e+00 3.639192946920005167e-01
1.159249000000000024e+03 3.331541360481928837e+00 1.280146028590375851e+00
1.159515000000000100e+03 1.814782369053185462e+00 4.463190748349264436e-01
1.159781999999999925e+03 1.403388906498856503e+00 2.733734433670030883e-01
1.160048999999999978e+03 2.638484790661468793e+00 8.713955135903131977e-01
1.160316000000000031e+03 1.631086673904611484e+00 3.497679223504115420e-01
1.160584000000000060e+03 1.483030989603258298e+00 3.091570874025640903e-01
1.160851000000000113e+03 3.400191094518550727e+00 1.690830065259363080e+00
1.161117999999999938e+03 2.699382432760474515e+00 1.181666665784664172e+00
1.161384999999999991e+03 1.566143955184740255e+00 5.121796647069852826e-01
1.161653000000000020e+03 1.684499313332216364e+00 7.587968216662642762e-01
1.161921000000000049e+03 1.817678837120533242e+00 7.012602199514081924e-01
1.162188000000000102e+03 2.131344927230320874e+00 6.300859944343371044e-01
1.162455999999999904e+03 1.945403376207098134e+00 5.647753993210230528e-01
1.162722999999999956e+03 1.117396774359004974e+00 2.642185632027224673e-01
1.162990999999999985e+03 6.786544178257187809e-01 1.419933184386641956e-01
1.163259000000000015e+03 1.234289117050480389e+00 3.594489051378803035e-01
1.163527000000000044e+03 1.577943169079633501e+00 4.301012829151193984e-01
1.163795000000000073e+03 1.678502349982987418e+00 4.475478166647104405e-01
1.164063000000000102e+03 1.988270383541532738e+00 6.798371298595177192e-01
1.164330999999999904e+03 1.710971650484243156e+00 4.922871900775536158e-01
1.164598999999999933e+03 3.515435994567936540e+00 1.857399901314012780e+00
1.164866999999999962e+03 2.634957320079716503e+00 9.216337648145495054e-01
1.165134999999999991e+03 2.393535773583544746e+00 6.249077818942868623e-01
1.165403999999999996e+03 2.019405350165071056e+00 4.077219344072516294e-01
1.165672000000000025e+03 1.646335311072621987e+00 2.953065553246269070e-01
1.165940000000000055e+03 2.285843188030685535e+00 5.636624449542028126e-01
1.166209000000000060e+03 2.904541192345912570e+00 9.235850015449853512e-01
1.166477000000000089e+03 1.127838780030520072e+00 2.176618789447443969e-01
1.166747000000000071e+03 1.111201835858697029e+00 2.631675863597421894e-01
1.167015000000000100e+03 1.984725205281507643e+00 6.850661209583172040e-01
1.167284000000000106e+03 1.891056319351550830e+00 5.939125896876312760e-01
1.167551999999999907e+03 2.699542007813009903e+00 9.062601619657802976e-01
1.167820999999999913e+03 1.910210496682317904e+00 4.361806084238854520e-01
1.168090999999999894e+03 2.948798611402559278e+00 9.507716821067629942e-01
1.168358999999999924e+03 3.459246555085796704e+00 1.275758611130443754e+00
1.168628999999999905e+03 2.760220629085618160e+00 8.630223686585886123e-01
1.168896999999999935e+03 2.627338101512624480e+00 7.664192219111755078e-01
1.169166999999999916e+03 2.404331841034156980e+00 6.098328503217746999e-01
1.169435999999999922e+03 1.945872849406341754e+00 4.210162945429399284e-01
1.169704999999999927e+03 2.314083274391997236e+00 5.325165946674014217e-01
1.169974999999999909e+03 2.074127673655458803e+00 4.398646177986879069e-01
1.170243999999999915e+03 2.071855677850284572e+00 4.456230020328226793e-01
1.170513999999999896e+03 3.051540475585020395e+00 9.174834759288973407e-01
1.170782999999999902e+03 2.780191791836456261e+00 7.545239735026497696e-01
1.171053000000000111e+03 1.561856533652586032e+00 3.012451741728810473e-01
1.171321999999999889e+03 3.036395109902654710e+00 1.236141247091579576e+00
1.171592000000000098e+03 1.941351170438815998e+00 5.277176268348224841e-01
1.171862000000000080e+03 1.114164410060930477e+00 2.146989978441150027e-01
1.172131000000000085e+03 8.715684610042023772e-01 2.083274162745930302e-01
1.172402000000000044e+03 1.205880893895286299e+00 3.394393340806438064e-01
1.172672000000000025e+03 1.488678389293926152e+00 3.704347386597157121e-01
1.172942000000000007e+03 1.827524146554470486e+00 4.126020733974966603e-01
1.173211999999999989e+03 1.727273392362175475e+00 3.044169726221940819e-01
1.173481999999999971e+03 1.884728422366653389e+00 3.603859834950405849e-01
1.173751999999999953e+03 2.312417163012269850e+00 5.279167961550851329e-01
1.174021999999999935e+03 2.054522092427970126e+00 4.383183432241349875e-01
1.174292999999999893e+03 2.437429086569939063e+00 5.998903726790125734e-01
1.174563000000000102e+03 1.737774019128173419e+00 3.035901597741039737e-01
1.174834000000000060e+03 1.689451188489778266e+00 2.839041530569372807e-01
1.175104000000000042e+03 1.771468007684056323e+00 3.303273080701244480e-01
1.175375000000000000e+03 1.813731782301501338e+00 3.471707388494368884e-01
1.175645999999999958e+03 1.361436358182958051e+00 2.846458240822841157e-01
1.175915999999999940e+03 1.931153591233177202e+00 4.793418994081891649e-01
1.176186999999999898e+03 1.654649229219246953e+00 3.376425447803397817e-01
1.176458000000000084e+03 1.326592934171608951e+00 2.159766298615127256e-01
1.176729000000000042e+03 1.496878193593815132e+00 2.512719235265813977e-01
1.177000000000000000e+03 1.414707634878408449e+00 2.651459109159041705e-01
1.177270999999999958e+03 1.038655250776632455e+00 1.694279383887915547e-01
1.177541999999999916e+03 2.277305085887259217e+00 5.898062721367336447e-01
1.177813000000000102e+03 1.791611141744782421e+00 3.716992411438453936e-01
1.178084000000000060e+03 1.445880942282381287e+00 2.574890137138336477e-01
1.178355999999999995e+03 1.419219936546405547e+00 2.465746056041434320e-01
1.178626999999999953e+03 1.526069243159852595e+00 2.529167298553701149e-01
1.178898999999999887e+03 1.668637795050595507e+00 3.029919595964723489e-01
1.179170000000000073e+03 1.348595572761575045e+00 2.069748407501173504e-01
1.179442000000000007e+03 1.574029869535515713e+00 2.669762969253592910e-01
1.179712999999999965e+03 1.611966851987417071e+00 2.573295057471348124e-01
1.179984999999999900e+03 1.692885003111553655e+00 2.609683300290099317e-01
1.180257000000000062e+03 1.816392393262815652e+00 2.987340298984165199e-01
1.180528999999999996e+03 1.525152606665957089e+00 2.380550635855500363e-01
1.180799999999999955e+03 1.737363637305227915e+00 3.233499862974166250e-01
1.181073000000000093e+03 1.474683106064456961e+00 2.460629820163493520e-01
1.181344000000000051e+03 1.532898896536722066e+00 2.617252586946429704e-01
1.181615999999999985e+03 1.368714172619395875e+00 2.214322994941071432e-01
1.181887999999999920e+03 1.310530947737865715e+00 1.755931254389161700e-01
1.182160000000000082e+03 1.648934648348940879e+00 2.740375438184192158e-01
1.182432999999999993e+03 1.468509623127850050e+00 2.398045178732161886e-01
1.182704999999999927e+03 1.261381531737372663e+00 1.776383608567092542e-01
1.182978000000000065e+03 1.449534649329591085e+00 2.305145249465566093e-01
1.183250000000000000e+03 1.660696554235754574e+00 3.034106030273781562e-01
1.183521999999999935e+03 1.633380867070960418e+00 2.543910894335892903e-01
1.183795000000000073e+03 1.229146814959463319e+00 1.750718928889590520e-01
1.184067000000000007e+03 1.278821288224644359e+00 1.646168303801037180e-01
1.184340999999999894e+03 1.610045606352901393e+00 2.593201430021809806e-01
1.184613000000000056e+03 1.303079347962586176e+00 1.850208014620757513e-01
1.184885999999999967e+03 1.449775145685840316e+00 2.324076137890774552e-01
1.185159000000000106e+03 1.888223101041647256e+00 4.208190367336898663e-01
1.185431000000000040e+03 1.463186313768599645e+00 2.518010684196271831e-01
1.185704999999999927e+03 1.288985342885148544e+00 2.116580241293281595e-01
1.185978000000000065e+03 1.601520247701361477e+00 2.974221617934887374e-01
1.186250999999999976e+03 1.551650181238891202e+00 2.931317623307159170e-01
1.186523999999999887e+03 1.607786040339882483e+00 2.861681514447479424e-01
1.186797000000000025e+03 1.996133566604804788e+00 3.652398650874727482e-01
1.187069999999999936e+03 1.322615657984737014e+00 1.883809302972210831e-01
1.187343000000000075e+03 1.232540225501336018e+00 1.782286807929971406e-01
1.187616999999999962e+03 9.709038801705325294e-01 1.404388970977891726e-01
1.187891000000000076e+03 1.011872440476074830e+00 1.778425506390233224e-01
1.188163999999999987e+03 1.658382615494865098e+00 3.891750357310285735e-01
1.188438000000000102e+03 1.804762453709271464e+00 3.507769364083597741e-01
1.188711999999999989e+03 1.342784193555587757e+00 1.802706559542810727e-01
1.188984999999999900e+03 1.503143705079399650e+00 2.158127838970815282e-01
1.189259000000000015e+03 1.997899864725904306e+00 3.533403367437751852e-01
1.189532999999999902e+03 1.582522408342393661e+00 2.312026094326078141e-01
1.189807000000000016e+03 1.418414708196113150e+00 1.890689220584339525e-01
1.190080999999999904e+03 1.789106229353945698e+00 2.693078501653960455e-01
1.190355000000000018e+03 1.601847623141891441e+00 2.471467726958198330e-01
1.190628999999999905e+03 1.407508696765304990e+00 2.033827874951584236e-01
1.190903000000000020e+03 1.158452873486458090e+00 1.617123453741232120e-01
1.191176999999999907e+03 1.238218677419253178e+00 2.101287075635843160e-01
1.191451999999999998e+03 1.380306999746230723e+00 2.750377576488298725e-01
1.191726000000000113e+03 1.295748308449105934e+00 2.311160376021500762e-01
1.192000999999999976e+03 1.556847234641013378e+00 2.554180745038061029e-01
1.192275000000000091e+03 1.604741691771482515e+00 2.254908537925953138e-01
1.192549999999999955e+03 2.001512781579787070e+00 3.674881973652034950e-01
1.192824000000000069e+03 1.520911782235468523e+00 2.353770247770992086e-01
1.193098999999999933e+03 1.278390204945855535e+00 1.609865985394974552e-01
1.193374000000000024e+03 1.226599308477706485e+00 1.602173859336289974e-01
1.193647999999999911e+03 1.371507427055155492e+00 1.987569708795012546e-01
1.193923000000000002e+03 1.579751607162637406e+00 2.692219597390038688e-01
1.194198000000000093e+03 1.662284631732317441e+00 2.770695075086091475e-01
1.194473999999999933e+03 1.691127640828869794e+00 2.708765408538365560e-01
1.194748000000000047e+03 1.411989265594354892e+00 2.236900586227488774e-01
1.195022999999999911e+03 1.379272342732065226e+00 1.985448312298426776e-01
1.195298999999999978e+03 1.560192355018130028e+00 2.534436050349951897e-01
1.195574000000000069e+03 1.129799032211959986e+00 1.464630711882569936e-01
1.195848999999999933e+03 1.519118765964174056e+00 2.340407684032831392e-01
1.196125000000000000e+03 1.559925543939466586e+00 2.379930962901689318e-01
1.196400000000000091e+03 1.320895091607296790e+00 1.992418160769410251e-01
1.196675999999999931e+03 9.334252201774632107e-01 2.057098853316173537e-01
1.196951000000000022e+03 5.746516246630863911e-01 1.656246580874927987e-01
1.197227000000000089e+03 1.334949713335713106e+00 6.658021266654216008e-01
1.197502999999999929e+03 1.303532612527931622e+00 3.368150943076925752e-01
1.197778000000000020e+03 1.528262959007743227e+00 3.137704500721811285e-01
1.198054000000000087e+03 1.732934448868088895e+00 3.790707083984714010e-01
1.198329999999999927e+03 1.304716994488070103e+00 2.544891841942887867e-01
1.198605999999999995e+03 1.164943080029219979e+00 1.867036498753096296e-01
1.198882000000000062e+03 1.586419105469068835e+00 2.564794245979774012e-01
1.199157999999999902e+03 1.475477801331710470e+00 2.206736727717185931e-01
1.199433999999999969e+03 1.384054930530326022e+00 2.107235193063977663e-01
1.199711000000000013e+03 1.460945697736858451e+00 2.232709005542863889e-01
