# 	Wavelength	 Divided_Spectra	 Divided_Error
1.000176177917946688e+03 1.242453811568559274e+00 3.291024500187821333e-01
1.000406187977488344e+03 1.199787788970511082e+00 3.045145758380177203e-01
1.000637013675539038e+03 8.626056024310839732e-01 2.756357192025526426e-01
1.000867295614583554e+03 6.703430904097258392e-01 2.302743237542352051e-01
1.001097305674125209e+03 7.541609313920462077e-01 2.265205116176216005e-01
1.001328403251678765e+03 3.125456601123415279e-01 1.861201119825348083e-01
1.001558685190723509e+03 3.054883803117364183e-01 2.053916774058595907e-01
1.001789510888773975e+03 9.334870292900636635e-01 3.049956769480512975e-01
1.002020064707321694e+03 1.046562104799321435e+00 3.425360133342125191e-01
1.002251162284875363e+03 9.579818467319042297e-01 3.060622364074021551e-01
1.002481716103422968e+03 1.164399661849067735e+00 3.890403103896563630e-01
1.002712813680976524e+03 6.067888503670179068e-01 2.138962542192405503e-01
1.002943639379027218e+03 6.924769359417075609e-01 2.047301393007718018e-01
1.003174193197574823e+03 6.119918336110845569e-01 1.848202279525698322e-01
1.003405562654631467e+03 9.174214201109773814e-01 2.322491576443342920e-01
1.003636388352682047e+03 1.227187297027923840e+00 3.191165515553313070e-01
1.003867757809738691e+03 1.349741973983494159e+00 3.813210746248862915e-01
1.004098855387292247e+03 2.034624422617108408e+00 5.835627056407626245e-01
1.004330224844349004e+03 1.442425503153272892e+00 4.542817544134500896e-01
1.004561322421902560e+03 9.611243895208234633e-01 2.930110946734574839e-01
1.004792419999456115e+03 7.926763077092832122e-01 1.967001000013497425e-01
1.005024061336015848e+03 1.130998472439094682e+00 2.659630571655139941e-01
1.005255430793072378e+03 1.673203268903571628e+00 5.352884392393568724e-01
1.005487072129632111e+03 1.048426655579392408e+00 4.934479211391182285e-01
1.005718441586688641e+03 3.353415208300468464e+00 2.291057124961119129e+00
1.005950354802751349e+03 3.629528523053024536e+00 3.089428665065848456e+00
1.006181724259807993e+03 2.725610173270259562e+00 1.628637348556744469e+00
1.006413365596367612e+03 1.353946215504306716e+00 4.318995334865227687e-01
1.006645278812430320e+03 1.079821498191735341e+00 3.423361527463121279e-01
1.006876920148989825e+03 9.240272175010748601e-01 2.472396575564058674e-01
1.007109105244555622e+03 1.669130655285920195e+00 4.067322576719382132e-01
1.007340746581115241e+03 1.702818616731335499e+00 4.925950280606064546e-01
1.007573203556183785e+03 2.047347160956501710e+00 5.816981474110590744e-01
1.007804844892743404e+03 2.008066219631642557e+00 5.247225271071770392e-01
1.008036758108806112e+03 1.239139812782418026e+00 2.919608967590258675e-01
1.008269215083874769e+03 1.018404861785158211e+00 2.183576185455281815e-01
1.008501128299937363e+03 8.740671369975647753e-01 1.763778986015376582e-01
1.008733585275006021e+03 9.093751221326574763e-01 1.654499017689850526e-01
1.008965770370571818e+03 7.814712034545684416e-01 1.517763938222319864e-01
1.009198499225143337e+03 7.567680339640961984e-01 1.685851087808145077e-01
1.009430684320709020e+03 7.087795386723675373e-01 1.731134156261062151e-01
1.009662869416274702e+03 3.179589933508077948e-01 1.608567422520789103e-01
1.009895598270846222e+03 3.730776185528201228e-01 1.826850056312691040e-01
1.010128055245914879e+03 1.538199346497196307e-01 1.799171569324420072e-01
1.010360784100486626e+03 1.205972768036379650e+00 3.650692107874287107e-01
1.010593241075555284e+03 2.303199612009388719e+00 7.242715439408282663e-01
1.010826241809630005e+03 1.679234915143490214e+00 5.373610520663154588e-01
1.011058970664201524e+03 1.319527265986443210e+00 3.595644885755596154e-01
1.011291427639270182e+03 1.345110758167796128e+00 4.282689692663576575e-01
1.011524700252847879e+03 3.869453423293660044e-01 2.996720512429069672e-01
1.011757429107419512e+03 7.021241431302011060e-01 3.384585872252867667e-01
1.011990701720997208e+03 1.842276685373053446e+00 7.097856204436916450e-01
1.012223430575568955e+03 2.867773626694949840e+00 1.142001024737672399e+00
1.012456975068649513e+03 2.414989941606750623e+00 6.973926263120299174e-01
1.012689975802724234e+03 1.331104205770463622e+00 3.577327097167478653e-01
1.012922976536798842e+03 1.249906127201943606e+00 2.902352457630190674e-01
1.013156249150376425e+03 1.041490032617555572e+00 2.246229496089545974e-01
1.013389521763954122e+03 1.060172499645366306e+00 2.141455795001743212e-01
1.013623066257034793e+03 1.321687731219747031e+00 2.585022619229742635e-01
1.013856338870612490e+03 1.633935305840124697e+00 3.842693432203047599e-01
1.014090155243196250e+03 1.476647876297142892e+00 3.062780726595566438e-01
1.014323427856773833e+03 1.265008300200903157e+00 2.564490162840111775e-01
1.014556700470351529e+03 1.183304289133843001e+00 2.849306579260285077e-01
1.014790788722438151e+03 1.244316117231897945e+00 3.845206868262086020e-01
1.015024061336015848e+03 1.032710333373455969e+00 2.633731222615772749e-01
1.015258149588102469e+03 1.621261341580848114e+00 4.519362914815371335e-01
1.015491694081183141e+03 1.387785488783360499e+00 5.218156428412135117e-01
1.015726054212772851e+03 1.957265593966015516e+00 7.327857840806921708e-01
1.015959598705853523e+03 1.149698376045288795e+00 4.288652534541368411e-01
1.016193415078437170e+03 1.136168889154626216e+00 4.450305967236982685e-01
1.016427775210026880e+03 2.168756781642410036e+00 8.775473525922781182e-01
1.016661591582610527e+03 1.202273234511143540e+00 4.323794844962068340e-01
1.016895951714200237e+03 1.141947528719058580e+00 3.913458158516633367e-01
1.017129768086783884e+03 1.408982302347980387e+00 3.868190013965159824e-01
1.017364400097876569e+03 1.674000055098194828e+00 3.621140478610764823e-01
1.017598488349963304e+03 1.418202484825996201e+00 2.805206858671580594e-01
1.017832576602049926e+03 1.055580384446391129e+00 2.522005569372288702e-01
1.018067208613142611e+03 9.156216185685283060e-01 2.143468935412019827e-01
1.018301568744732322e+03 1.226968598091431328e+00 2.677692292431723686e-01
1.018536472635327982e+03 1.333650647679556212e+00 2.926654927367599579e-01
1.018770560887414604e+03 1.213594298427889573e+00 2.476130331610258695e-01
1.019005464778010264e+03 1.137605432366659786e+00 2.180050658911556472e-01
1.019240096789103063e+03 1.133096576679273992e+00 2.265992809999895774e-01
1.019474456920692660e+03 9.918208749158510251e-01 1.947845474082063322e-01
1.019709632690791409e+03 1.238534515180867102e+00 2.348517781074482558e-01
1.019944264701884094e+03 1.128950401254930291e+00 2.456728665608444995e-01
1.020179440471982844e+03 1.128636266367723628e+00 2.628270645832382901e-01
1.020414072483075415e+03 1.155899137483533234e+00 2.327960518138433299e-01
1.020649248253174164e+03 1.364659872368702676e+00 2.795760393922877562e-01
1.020884152143769938e+03 1.377643479584390818e+00 3.036376032044166839e-01
1.021119599793371549e+03 1.363583429002437786e+00 2.740278725513861646e-01
1.021354503683967209e+03 8.158386491886850944e-01 1.668741641972797951e-01
1.021589407574562870e+03 9.336047108053892041e-01 1.689248236005122528e-01
1.021825127103667569e+03 8.648007898856852060e-01 1.591012626033422306e-01
1.022060030994263343e+03 5.298059765036089441e-01 1.174224337432874660e-01
1.022295750523368042e+03 9.267047154526673047e-01 1.491711714169139946e-01
1.022530926293466678e+03 1.102943548815505048e+00 2.134925069136047737e-01
1.022766645822571490e+03 1.302081450595263590e+00 2.636674400309347299e-01
1.023002093472173101e+03 1.372085860496043530e+00 2.650446954320258564e-01
1.023237269242271736e+03 1.347751157921417198e+00 2.665750282373308688e-01
1.023473260650879411e+03 1.244697204519799927e+00 2.547047958704445336e-01
1.023708708300481135e+03 1.110884576074949948e+00 1.983329699709383553e-01
1.023944699709088809e+03 1.273348702404552446e+00 2.282590029770478479e-01
1.024180419238193508e+03 1.361852077131486816e+00 2.435576096065797391e-01
1.024416410646801296e+03 8.500239641535256574e-01 1.705664508171549354e-01
1.024652130175905995e+03 8.292688939244133861e-01 1.692711599906081277e-01
1.024887849705010694e+03 1.214112514611940918e+00 2.113657962158594916e-01
1.025124384872624432e+03 9.389938202770752307e-01 1.677174069721856231e-01
1.025360104401729131e+03 8.621190345822111745e-01 1.600457127157492165e-01
1.025596639569342869e+03 9.284171976370491075e-01 1.682718905481277449e-01
1.025832630977950430e+03 1.088090804894048302e+00 2.026779595003977696e-01
1.026068894266061307e+03 1.558665367448478944e+00 3.590502864530663585e-01
1.026305157554171956e+03 1.685013269609113129e+00 4.349571934122316574e-01
1.026541148962779744e+03 1.564711071504317319e+00 4.124951791395310985e-01
1.026777956009896343e+03 1.869680911676128154e+00 5.704904680508985360e-01
1.027013947418504131e+03 1.993322019134840417e+00 5.249827730212729415e-01
1.027251026345123819e+03 1.760963346825145770e+00 3.787450639647921835e-01
1.027487289633234468e+03 1.643594885689741547e+00 3.967507989785555300e-01
1.027724096680351295e+03 1.172935052086077734e+00 3.099603652954141531e-01
1.027960631847965033e+03 1.424320953058689332e+00 3.469748742855273682e-01
1.028197167015578543e+03 2.635998983416205199e+00 7.770914328675424532e-01
1.028434245942198459e+03 2.595495791868730695e+00 8.065979019451516852e-01
1.028670781109812197e+03 2.033212869923289645e+00 4.271970284226697112e-01
1.028908131915934746e+03 1.842965001999392172e+00 3.553854604918612048e-01
1.029144667083548484e+03 1.714540189028203487e+00 3.823563851971038541e-01
1.029382017889671260e+03 1.295741285690210853e+00 2.168874623252212974e-01
1.029618824936788087e+03 1.145649276752418677e+00 1.813592459262273193e-01
1.029855631983904686e+03 1.354042942793012516e+00 2.224302120660621440e-01
1.030093254669530552e+03 1.249784968449851430e+00 2.177891611701803787e-01
1.030330061716647151e+03 1.084453723577637474e+00 1.729440396163340887e-01
1.030567684402272789e+03 1.647487781987899913e+00 2.987497383013647534e-01
1.030804763328892477e+03 1.489421008092862264e+00 2.834630107637460816e-01
1.031042386014518343e+03 1.645631816696250693e+00 3.251547889452549023e-01
1.031279736820641119e+03 1.209225864126238559e+00 2.831799461258222017e-01
1.031516815747260807e+03 4.684224557389801702e-01 1.965024373376490774e-01
1.031754710312389534e+03 1.721462145647759956e-01 1.906851881020593942e-01
1.031992061118512311e+03 3.496775713965644683e-01 2.147828905640009889e-01
1.032230227563144126e+03 2.977052365041264470e-01 1.964192000980490016e-01
1.032467578369266676e+03 1.036964088175563958e+00 3.209336038719995399e-01
1.032705744813898491e+03 1.591359987667138709e+00 3.946423896566668699e-01
1.032943367499524129e+03 1.691997356158366550e+00 3.404474186673077662e-01
1.033180990185149994e+03 2.024558901622996565e+00 3.815369650284348713e-01
1.033419156629781583e+03 1.972494528697686267e+00 3.606287663252770725e-01
1.033656779315407448e+03 1.361991488948767870e+00 2.821340722591770267e-01
1.033895217639542125e+03 1.430336751731244860e+00 2.868982134427870978e-01
1.034133112204670851e+03 1.209833728989817114e+00 2.573378935150756885e-01
1.034371550528805528e+03 1.362307397500632788e+00 2.906446238594240783e-01
1.034609445093934255e+03 1.391522791177083995e+00 2.993168941095155633e-01
1.034847611538566071e+03 9.479639309643657086e-01 2.005449041798250953e-01
1.035086049862700747e+03 1.160783946523400223e+00 2.412840637204021477e-01
1.035324216307332563e+03 1.930546524662151375e+00 3.668754224855949597e-01
1.035562926510970328e+03 1.708014070980381049e+00 2.968581192981201156e-01
1.035801364835105005e+03 1.544232694846963572e+00 2.458222707988012012e-01
1.036040075038742771e+03 1.689111428532662273e+00 2.605356534529029711e-01
1.036278513362877447e+03 1.502260923295310802e+00 2.214257600510897983e-01
1.036516951687012352e+03 1.026882754072683923e+00 1.532197155280926038e-01
1.036755933770152978e+03 1.227376228227481603e+00 2.101306026019258977e-01
1.036994372094287655e+03 1.526588673176645150e+00 2.746210254774602566e-01
1.037233354177428510e+03 1.597518859442431438e+00 2.957198925541581480e-01
1.037472064381066275e+03 1.585019770753332224e+00 2.898235611946705093e-01
1.037711318343709991e+03 1.400309463430363888e+00 2.354191416002673065e-01
1.037950028547347756e+03 1.162281123263404270e+00 1.914619221618826250e-01
1.038188738750985522e+03 1.171371634770034920e+00 1.816833834717296869e-01
1.038428264593132326e+03 1.271226240883494008e+00 1.947405473380004748e-01
1.038667246676272953e+03 1.346475759442093301e+00 2.040154098377101877e-01
1.038906500638916896e+03 1.505672523158126941e+00 2.515447659122930779e-01
1.039145754601560611e+03 1.423114983900257924e+00 2.417246682190198614e-01
1.039385280443707416e+03 1.393290400460590162e+00 2.412561835072818683e-01
1.039624262526848042e+03 1.716219632511029491e+00 3.274281558424000926e-01
1.039864060248497935e+03 1.820278426501792390e+00 3.549791680011860628e-01
1.040103314211141424e+03 1.827356734511032865e+00 3.323883023092331079e-01
1.040342568173785367e+03 1.365219278856211638e+00 2.241669536063992940e-01
1.040582365895435032e+03 1.234105970444951961e+00 2.172945807144333052e-01
1.040821891737581836e+03 1.335576424268612117e+00 2.141188695756565674e-01
1.041061961338734591e+03 8.392771343088172298e-01 1.507999474802996787e-01
1.041301215301378534e+03 1.343379204804823868e+00 2.204761850988281868e-01
1.041541556782034149e+03 1.146738087285123386e+00 2.158864575269736630e-01
1.041781082624180954e+03 1.160011572982994510e+00 2.217232092316728520e-01
1.042020608466327758e+03 1.593163611722899775e+00 2.707129841942931825e-01
1.042260949946983374e+03 1.295385245597767021e+00 2.517311256565687438e-01
1.042500747668633267e+03 1.749440354686631283e+00 3.051474851552000711e-01
1.042741089149289110e+03 1.117004408662849224e+00 2.411061318239305362e-01
1.042981158750441637e+03 1.509513202201495208e+00 3.168221181964927524e-01
1.043221500231097480e+03 1.425090704263856090e+00 2.685602847459245268e-01
1.043461569832250234e+03 7.680097826230782854e-01 1.833687408123646501e-01
1.043701639433402988e+03 1.213484327445216282e+00 3.130910152666485646e-01
1.043942252793561920e+03 1.493869913157661822e+00 3.161667195603921621e-01
1.044182594274217763e+03 1.448820938591027341e+00 2.946117111414347511e-01
1.044423207634376467e+03 1.531924559445399403e+00 3.259133225381876109e-01
1.044663549115032083e+03 1.340795327759021438e+00 2.556509634615540261e-01
1.044904434354693876e+03 1.094940129079404967e+00 1.720574890988215977e-01
1.045144775835349719e+03 1.211876112634174163e+00 1.840012746929501342e-01
1.045385117316005562e+03 1.392322071490880608e+00 2.329958239331709480e-01
1.045626274435170217e+03 1.322074207591749095e+00 2.607001534239803409e-01
1.045866887795329149e+03 1.229606821961036545e+00 2.608514532826714527e-01
1.046108044914493803e+03 1.330040920392923764e+00 2.904296317843556574e-01
1.046348658274652507e+03 2.058651095153122057e+00 5.643820004916153543e-01
1.046590087273320478e+03 1.907911602114151117e+00 4.362506432298885461e-01
1.046830700633479182e+03 1.794512095753411085e+00 3.885566810360087664e-01
1.047071585873140975e+03 1.816282565506017965e+00 4.263999004253219982e-01
1.047313014871808718e+03 1.911048177333133369e+00 4.718112513849461731e-01
1.047553900111470512e+03 1.632157197342603006e+00 3.527571071852201867e-01
1.047795600989641343e+03 1.651128947040985118e+00 3.682050410060049295e-01
1.048036486229303136e+03 1.585121267210848117e+00 3.329784051090452501e-01
1.048278187107473968e+03 1.919002062360373628e+00 3.772824647457838632e-01
1.048519344226638850e+03 1.926393890334052283e+00 3.529589434305370199e-01
1.048760501345803505e+03 1.814513312945106760e+00 3.111102961504889075e-01
1.049002474103477198e+03 1.938544800398207313e+00 3.269321110942173259e-01
1.049243631222642080e+03 1.774341180643491667e+00 2.785957190080947110e-01
1.049485875859818861e+03 1.287028102579059752e+00 2.045206964664379179e-01
1.049727032978983743e+03 1.356366834991190373e+00 2.167299276208765058e-01
1.049969277616160525e+03 1.280174803996398936e+00 2.049844465015790707e-01
1.050210706614828268e+03 1.293418368357047044e+00 1.949672406622521836e-01
1.050452407492999100e+03 1.358327792201454276e+00 2.023145542583505985e-01
1.050694652130175882e+03 1.342939260605298779e+00 2.073903333509750369e-01
1.050936353008346714e+03 1.438540577328314640e+00 2.324931666893128301e-01
1.051178597645523496e+03 1.483513738891632183e+00 2.826898708049909725e-01
1.051420570403197189e+03 1.710863405399853931e+00 3.064246242649020235e-01
1.051662815040374198e+03 1.920207454937543634e+00 3.385089617167427178e-01
1.051904787798047892e+03 2.220764593316066460e+00 4.290283863261866726e-01
1.052146760555721585e+03 1.694473819694778172e+00 2.845766036331648929e-01
1.052389548951904544e+03 1.448399027239173797e+00 2.870226261235865328e-01
1.052631521709578237e+03 1.119005348820738543e+00 2.456784508558502722e-01
1.052874310105761197e+03 7.835217052569292129e-01 2.288089166289037912e-01
1.053116554742937751e+03 8.605251267568122531e-01 2.283691016203510671e-01
1.053359343139120710e+03 1.553343210265701435e+00 3.505558838488979090e-01
1.053601587776297492e+03 1.603826468685434659e+00 2.737762983404740669e-01
1.053844104292977363e+03 1.802390190493252886e+00 3.020207818279949108e-01
1.054087164568663184e+03 1.640683424735532414e+00 2.301688110382489882e-01
1.054329681085342827e+03 1.528331489962888368e+00 2.149930379792689139e-01
1.054572741361028875e+03 1.800617641857398032e+00 2.817530306537230911e-01
1.054815257877708518e+03 1.766695993475160265e+00 2.603036352718967050e-01
1.055058590032897428e+03 1.694921169769925351e+00 2.526042600435749463e-01
1.055301378429080160e+03 1.698433877288595850e+00 2.723826483200285642e-01
1.055543894945760030e+03 1.965188994357560226e+00 2.876539737046935330e-01
1.055787498980451801e+03 1.742777454546704297e+00 2.533624400844486368e-01
1.056030287376634533e+03 1.464911062498512662e+00 2.355524728859476058e-01
1.056273891411326531e+03 1.462154481627755853e+00 2.281889515030476323e-01
1.056516951687012352e+03 1.663475290498043657e+00 2.405310079638584841e-01
1.056760555721704122e+03 1.445364168327182286e+00 2.008635718480152599e-01
1.057003615997389943e+03 1.438407682590304049e+00 1.949206829735160851e-01
1.057246676273075764e+03 1.394679499261791467e+00 1.895730415010838665e-01
1.057490552187270623e+03 1.587795782472174677e+00 2.259643321841643959e-01
1.057733884342459305e+03 1.776903890916478046e+00 2.760666401286287486e-01
1.057977760256654165e+03 1.709131503976148547e+00 2.696537351312667252e-01
1.058221092411843074e+03 1.474900842246848365e+00 2.139346626825328335e-01
1.058465240205540795e+03 1.459612753456787537e+00 2.358508177472473377e-01
1.058708572360729704e+03 1.545804510861301218e+00 2.498621254807271708e-01
1.058952720154427652e+03 1.361647525601638264e+00 2.073468268389054847e-01
1.059196324189119423e+03 1.434476457533212956e+00 2.285145367563864993e-01
1.059439928223811194e+03 1.681676488106427225e+00 2.796674324651214905e-01
1.059684347897012003e+03 1.502286689875079073e+00 2.132015511178514122e-01
1.059927951931703774e+03 1.479872448567434606e+00 1.800923103721465690e-01
1.060172643484407672e+03 1.212562483853554696e+00 1.488055632806648265e-01
1.060416519398602532e+03 1.130052812847883059e+00 1.327081623498006790e-01
1.060660939071803341e+03 1.068083161617638943e+00 1.249919722154071433e-01
1.060905086865501062e+03 1.026962383104651488e+00 1.267237950921530354e-01
1.061148962779696149e+03 1.160952217009538767e+00 1.457987687868343429e-01
1.061393654332399819e+03 9.573402778856332507e-01 1.307161628173761359e-01
1.061637802126097768e+03 1.333024825623667198e+00 1.644566903867285823e-01
1.061882765558304527e+03 1.427037411125115396e+00 1.823928838906850869e-01
1.062126913352002248e+03 1.376912364744996786e+00 1.876659692529167867e-01
1.062371876784209235e+03 1.458303794513609697e+00 1.987043824998478148e-01
1.062616296457410044e+03 1.486198884897999672e+00 2.094173563681794303e-01
1.062860716130610854e+03 1.623702583394415422e+00 2.527025375287909603e-01
1.063105951442320702e+03 1.709323161000234181e+00 2.613609697846450142e-01
1.063350371115521511e+03 1.536505080957189406e+00 2.155627495692905848e-01
1.063595606427231360e+03 1.413205945370834549e+00 2.010419020983034433e-01
1.063840297979935258e+03 1.250020338992260616e+00 1.640001335471244770e-01
1.064085533291645106e+03 1.257586535897034619e+00 1.550532127729569720e-01
1.064330496723851866e+03 1.035789611402088806e+00 1.291508602092063251e-01
1.064575188276555764e+03 1.263669745006094969e+00 1.566997139524435312e-01
1.064820695467768701e+03 1.263878920208111101e+00 1.622388679449627280e-01
1.065065658899975460e+03 1.245907129532392243e+00 1.613740502962185408e-01
1.065311437970691486e+03 1.426164554811973018e+00 1.861757228257588659e-01
1.065556401402898246e+03 1.435317026320057643e+00 1.903433329797699358e-01
1.065802180473614044e+03 1.321183539717656563e+00 1.602090707017219395e-01
1.066047415785323892e+03 1.149234009426911340e+00 1.375789726707800920e-01
1.066292651097033740e+03 1.203180448653225820e+00 1.530553053051541823e-01
1.066538430167749539e+03 1.259874650987503175e+00 1.544237460147299679e-01
1.066783665479459387e+03 1.352640374278704094e+00 1.636446352248350222e-01
1.067029716429678274e+03 1.404786017400786235e+00 1.733912589713766939e-01
1.067275223620891211e+03 1.467379405004821002e+00 1.940641137057839971e-01
1.067521274571110098e+03 1.439889476473019014e+00 2.091055568402095943e-01
1.067767053641825896e+03 1.317277759424595462e+00 1.880125865933914009e-01
1.068012560833038833e+03 1.357198542710314149e+00 1.939886544076959707e-01
1.068258883662760582e+03 1.617976181395170077e+00 2.745368404163511244e-01
1.068504662733476380e+03 1.453913449867312524e+00 2.406898727472979171e-01
1.068750985563198356e+03 1.764317477321625471e+00 2.432346228002801869e-01
1.068996764633914154e+03 1.571476009130113649e+00 2.232797964646132394e-01
1.069243359343139218e+03 1.641467149127475267e+00 2.287189488927284520e-01
1.069489410293357878e+03 1.289704926508862926e+00 1.502677850947399529e-01
1.069735461243576765e+03 1.082471779518832333e+00 1.315342935524491386e-01
1.069982055952801829e+03 1.114321665810485307e+00 1.313520434631012257e-01
1.070228106903020489e+03 1.101371166094930132e+00 1.278046304991756199e-01
1.070474973491748415e+03 9.852795918857254476e-01 1.195996919267750813e-01
1.070721296321470163e+03 1.165173879237264565e+00 1.387657528979803490e-01
1.070968162910198089e+03 1.211633093697952690e+00 1.491895762186914998e-01
1.071214485739920065e+03 1.188593153931679636e+00 1.671475478418341098e-01
1.071461080449144902e+03 1.336385172532482235e+00 1.818180576407273652e-01
1.071707947037872827e+03 1.389735941771114369e+00 1.904263782147563866e-01
1.071954541747097664e+03 1.523821194556741920e+00 2.140517821630846529e-01
1.072201680215328452e+03 1.687308722895342505e+00 2.287072352826668709e-01
1.072448546804056377e+03 1.380296710583136743e+00 1.681744763411240351e-01
1.072695685272287164e+03 1.098968647054876735e+00 1.311475138191427747e-01
1.072942551861015090e+03 1.197799324170773838e+00 1.382915692250794026e-01
1.073189418449743016e+03 1.037502541497054009e+00 1.197721271144688293e-01
1.073436828797476892e+03 1.061845035603973031e+00 1.143251687175840664e-01
1.073683695386204818e+03 1.077231680592697582e+00 1.172352848451125029e-01
1.073931377613441782e+03 1.163313372619232622e+00 1.348746203420738421e-01
1.074178516081672569e+03 1.148428270682279706e+00 1.293539028962138460e-01
1.074426198308909534e+03 1.150646760052289386e+00 1.353303449489342281e-01
1.074673336777140321e+03 1.368472561192348280e+00 1.554194418357358054e-01
1.074920475245371108e+03 1.470368904068665161e+00 1.733803771549008166e-01
1.075168429352111161e+03 1.693552827396474836e+00 2.179657616190391056e-01
1.075415839699845037e+03 1.758028450915513297e+00 2.606047297996280654e-01
1.075663793806584863e+03 1.448019548438792548e+00 2.221327728216054009e-01
1.075911204154318739e+03 1.406054011983657537e+00 2.008276247236415457e-01
1.076159158261058565e+03 1.330602466002314133e+00 1.921884755962401936e-01
1.076406840488295529e+03 1.466054727984743788e+00 1.829540860904504684e-01
1.076655066474538444e+03 1.499429269082128036e+00 1.608581796273038100e-01
1.076902748701775408e+03 1.324520831797083131e+00 1.372509563546201738e-01
1.077150430929012373e+03 1.250300259335830333e+00 1.363317358705253834e-01
1.077398928794758149e+03 1.389636635809568421e+00 1.475468820407422055e-01
1.077646611021995113e+03 1.124531203006989166e+00 1.214040036539611317e-01
1.077895108887740889e+03 1.228791961977407254e+00 1.316168021958476486e-01
1.078143334873983804e+03 1.304359060183292174e+00 1.400434252778713917e-01
1.078391832739729807e+03 1.320650020335565555e+00 1.381794066159625634e-01
1.078639786846469633e+03 1.299123319102423402e+00 1.319698191502860773e-01
1.078888012832712548e+03 1.183474460011514573e+00 1.278392482167435007e-01
1.079136782577961412e+03 1.115231943829827710e+00 1.180942620924070735e-01
1.079385008564204327e+03 1.043217876180864367e+00 1.154978805001144054e-01
1.079634050188956280e+03 1.256562099243677455e+00 1.432311383318061460e-01
1.079882276175199195e+03 1.451168468096208475e+00 1.686746612148374569e-01
1.080131317799951148e+03 1.443218196691435917e+00 1.654608316936362622e-01
1.080379815665696924e+03 1.580746811047136102e+00 1.904566607145090906e-01
1.080628313531442927e+03 1.729690308766957285e+00 2.084717519746951686e-01
1.080877627035697742e+03 1.254595786817708003e+00 1.462010939830952483e-01
1.081126124901443518e+03 1.094845962938001849e+00 1.202988927976183092e-01
1.081375438405698560e+03 1.185325678923128567e+00 1.289818149537939884e-01
1.081624480030450513e+03 1.232708782107424295e+00 1.356012680813164506e-01
1.081873793534705328e+03 1.248809702272633437e+00 1.317954143357295549e-01
1.082122563279954420e+03 1.370764102906265380e+00 1.500908572551818421e-01
1.082371604904706146e+03 1.575646954198583805e+00 1.832025144885862100e-01
1.082621190288464049e+03 1.430731184573299508e+00 1.670391245201466035e-01
1.082870231913216003e+03 1.117618685774034892e+00 1.333897484135348199e-01
1.083119817296973906e+03 9.504684459087042736e-01 1.199711195557919136e-01
1.083369130801228721e+03 8.933288397221541555e-01 1.093533788825315489e-01
1.083618988064489713e+03 8.418290615524297582e-01 1.026490057209263757e-01
1.083868301568744755e+03 8.675947196467617140e-01 1.005304358058879272e-01
1.084117615072999570e+03 1.024669117001335561e+00 1.131583285494525831e-01
1.084367472336260562e+03 1.163701872795238179e+00 1.267916232795978648e-01
1.084617057720018465e+03 1.153037396498586720e+00 1.280817551792202413e-01
1.084867186862782319e+03 1.074310363926639589e+00 1.210291765836018496e-01
1.085116772246540222e+03 1.193341166607798431e+00 1.310007528066801652e-01
1.085366901389304303e+03 1.163411561528122418e+00 1.307101923996272508e-01
1.085616486773062206e+03 1.232860074952770946e+00 1.325351552783876896e-01
1.085866344036323198e+03 1.277895793134534941e+00 1.364156002572189386e-01
1.086116745058589913e+03 1.243958869977903836e+00 1.421571508186566801e-01
1.086366602321850905e+03 1.251718597867650162e+00 1.440890692574546827e-01
1.086617003344117848e+03 1.252959096641733439e+00 1.445725456667572850e-01
1.086867132486881928e+03 1.153687537669789487e+00 1.497583450691798435e-01
1.087117805388651732e+03 1.077631751152213990e+00 1.622887654753884801e-01
1.087367934531415585e+03 1.006377877150702149e+00 1.483544329195168598e-01
1.087617791794676577e+03 1.127426132105518786e+00 1.572527814858572515e-01
1.087868736575949470e+03 1.408448067590964969e+00 1.963469458437198389e-01
1.088118865718713323e+03 1.581844970846756793e+00 2.031449835470587328e-01
1.088369810499986215e+03 1.468762096148973351e+00 1.688645252565506016e-01
1.088620211522253385e+03 1.183283249068624476e+00 1.333897098669896142e-01
1.088871428183029366e+03 1.069584534452709734e+00 1.169596094656647489e-01
1.089121829205296081e+03 1.031078798717577127e+00 1.064942491287363957e-01
1.089372502107066111e+03 9.021326005790737401e-01 1.000786445848806799e-01
1.089623718767842092e+03 1.041477864223278260e+00 1.091040598307302795e-01
1.089874391669611896e+03 1.196756256258719731e+00 1.306683584141598020e-01
1.090125608330387877e+03 1.539781295119935667e+00 1.840354547085819858e-01
1.090376281232157908e+03 1.547223212721414498e+00 2.048586795061399790e-01
1.090627769772436750e+03 1.532418167974461287e+00 2.076078448064724302e-01
1.090878714553709642e+03 2.338304837614121556e+00 3.344828647505497798e-01
1.091129659334982762e+03 1.853905684445127378e+00 2.653424284939329691e-01
1.091381147875261604e+03 1.705183545492294783e+00 2.212374805046821158e-01
1.091632364536037585e+03 1.548699122898662406e+00 1.892738395751420999e-01
1.091884124955819516e+03 1.273029078894778232e+00 1.535507903597790047e-01
1.092135341616595497e+03 1.140210642502665239e+00 1.305044829452305932e-01
1.092387102036377428e+03 1.301842813797492004e+00 1.414734626146645080e-01
1.092638318697153409e+03 1.251203870778768268e+00 1.341608734259178703e-01
1.092889807237432251e+03 1.324981697463207375e+00 1.418268320077550881e-01
1.093141839536717271e+03 1.255546666752436424e+00 1.401922255719398047e-01
1.093393328076996340e+03 1.043833998826246390e+00 1.208861019389924352e-01
1.093645360376281133e+03 1.122785812559013330e+00 1.259313917652379045e-01
1.093896848916560202e+03 1.413639712191436582e+00 1.437881998439114739e-01
1.094149153095348083e+03 1.130996137322594519e+00 1.197223295980438112e-01
1.094400913515130014e+03 1.163598532373449013e+00 1.142020936099261280e-01
1.094652673934911945e+03 1.316571969596767033e+00 1.249414436360023750e-01
1.094904978113700054e+03 1.296239162166642478e+00 1.257202311771817849e-01
1.095157010412985073e+03 1.190579264082257671e+00 1.213880873250179626e-01
1.095409586471275816e+03 1.273180109449512321e+00 1.317024717158422342e-01
1.095661618770560835e+03 1.170641216106197868e+00 1.233664232250888670e-01
1.095914194828851805e+03 1.192073503568514159e+00 1.230364081395614179e-01
1.096166227128136825e+03 1.304516716159026757e+00 1.250997522605176715e-01
1.096419075065930656e+03 1.239870489327754566e+00 1.186854641086558804e-01
1.096671379244718764e+03 9.751088913754629717e-01 9.901050519115750514e-02
1.096923683423506645e+03 9.792468354509610284e-01 1.092629366264662311e-01
1.097176531361300704e+03 9.842647682434615408e-01 1.170522746924943930e-01
1.097428835540088585e+03 1.181670009664663512e+00 1.347271801288359994e-01
1.097681955357385505e+03 1.174553736251666924e+00 1.359765431481005371e-01
1.097934531415676474e+03 1.176906473568598344e+00 1.367020938897232640e-01
1.098187651232973622e+03 1.243587140609902830e+00 1.344587612874174054e-01
1.098440499170767453e+03 1.164007846957858971e+00 1.225966268470848053e-01
1.098693075229058422e+03 1.106189942591059960e+00 1.194173823660441003e-01
1.098946466925858431e+03 1.250057765044676472e+00 1.359656736866945714e-01
1.099199314863652489e+03 1.322761805967276771e+00 1.466246781094291407e-01
1.099452706560452270e+03 1.293707821389517232e+00 1.466430158848136822e-01
1.099705554498246329e+03 1.293297281137508303e+00 1.512805119519446406e-01
1.099959218074549426e+03 1.218250988255493938e+00 1.479061904242836012e-01
1.100212337891846346e+03 1.066682941234914139e+00 1.409440306334570070e-01
1.100465457709143266e+03 1.029982320511606542e+00 1.406143663520966480e-01
1.100719121285446136e+03 1.084864442438001619e+00 1.380944803780308761e-01
1.100972241102743283e+03 1.137516472932596612e+00 1.307859216138295977e-01
1.101226176558549241e+03 1.163705875999951678e+00 1.257580295135324044e-01
1.101479568255349250e+03 1.185113802494643931e+00 1.277964833571056669e-01
1.101733503711155208e+03 1.166398550487670605e+00 1.195945236453219429e-01
1.101987167287458078e+03 1.092028257196371310e+00 1.086525160034022691e-01
1.102240558984258087e+03 1.076169540402384994e+00 1.067757114275357938e-01
1.102494766319567134e+03 1.163474192780117988e+00 1.150479230580509771e-01
1.102748429895870004e+03 1.092526472036951635e+00 1.028578405024740267e-01
1.103002637231179051e+03 9.014638917459849576e-01 8.791875381792918498e-02
1.103256300807482148e+03 1.007045111937560522e+00 1.015992781604965756e-01
1.103510780022294057e+03 9.130531508141589425e-01 9.547388985926938409e-02
1.103764715478100015e+03 8.395773212388220053e-01 8.828183942435549603e-02
1.104018650933905974e+03 1.037697878963015130e+00 1.090769938760107333e-01
1.104273130148718110e+03 1.222826919765432230e+00 1.301042902653718192e-01
1.104527065604524068e+03 1.011499523069036011e+00 1.129047688621371837e-01
1.104781816698839066e+03 9.793244752063207104e-01 1.262495440664645474e-01
1.105036024034148113e+03 1.073045846876496734e+00 1.573680658847083913e-01
1.105290775128462883e+03 1.083617279146852130e+00 1.554105014499886916e-01
1.105544982463771930e+03 1.315365032137406187e+00 1.785279511172377376e-01
1.105799461678584066e+03 1.513432656469173354e+00 1.821228462845949914e-01
1.106054484652401925e+03 1.357613275604156122e+00 1.404664141111232889e-01
1.106308963867213834e+03 1.081519440788643704e+00 1.087873926441718792e-01
1.106563986841031920e+03 1.162457839113386626e+00 1.088273031484627423e-01
1.106818466055844056e+03 9.897776819276969951e-01 9.648013009793976469e-02
1.107073760909165003e+03 1.077700276889810072e+00 1.082401361572171566e-01
1.107328512003480000e+03 1.483252542502488502e+00 1.459060745774105605e-01
1.107583263097794998e+03 1.308691580423255507e+00 1.378136640466365581e-01
1.107838557951115945e+03 1.298077417994347948e+00 1.378287455381751736e-01
1.108093580924934031e+03 1.002603433861627202e+00 1.153144321625473867e-01
1.108348875778254978e+03 8.644161678631260282e-01 9.851679414361047549e-02
1.108603898752073064e+03 9.036202860744361187e-01 9.531525789063122200e-02
1.108859737364399962e+03 9.727405744187315184e-01 9.988237624393189740e-02
1.109114760338218048e+03 9.663742250272632228e-01 9.998960889746275060e-02
1.109369783312036134e+03 9.639395196551187039e-01 1.086844171621761251e-01
1.109625621924363031e+03 1.172228108273844605e+00 1.336018885487529062e-01
1.109880916777684206e+03 1.279417850796037648e+00 1.428834755914693555e-01
1.110136755390011103e+03 1.314133242390879364e+00 1.399602487989553834e-01
1.110392322122835139e+03 1.388682586880029657e+00 1.452218189099560852e-01
1.110648432614665126e+03 1.169112991557559766e+00 1.182771620571190230e-01
1.110903727467986073e+03 1.100007251532463926e+00 1.041569063685635066e-01
1.111159294200810109e+03 1.051780748717739078e+00 9.703412701491216652e-02
1.111415676572143184e+03 1.031902426696192476e+00 9.412643614386634328e-02
1.111671243304967220e+03 9.783397486814318089e-01 9.030530474183630363e-02
1.111927625676300295e+03 9.529044964802075857e-01 9.287316536581029236e-02
1.112183464288627192e+03 1.111679615242748165e+00 1.183505864169184518e-01
1.112439846659960267e+03 1.147583769121764741e+00 1.326677942558454337e-01
1.112695685272287392e+03 1.276401359824188342e+00 1.473013127802701994e-01
1.112951795764117151e+03 1.306600036785837027e+00 1.472560167736195191e-01
1.113208450014953314e+03 1.196370645148452150e+00 1.316200031117064351e-01
1.113464560506783300e+03 1.002875556563301851e+00 1.047821482488804079e-01
1.113720942878116375e+03 9.001337537598138594e-01 9.192529032684795820e-02
1.113977597128952311e+03 8.390081263003218437e-01 8.831802617164592750e-02
1.114234523259291336e+03 9.198757047347965177e-01 9.209816062375916768e-02
1.114490633751121322e+03 1.082762771904631327e+00 1.020440250617270922e-01
1.114747016122454397e+03 1.053201952260733876e+00 1.053110325892994414e-01
1.115004214132296511e+03 8.762996806566296648e-01 1.012955805828432282e-01
1.115260596503629586e+03 9.601545411951323272e-01 1.061376392048666156e-01
1.115517794513471472e+03 8.410970654653989742e-01 1.034258974757722577e-01
1.115774448764307635e+03 9.983568014719343964e-01 1.191315913415571526e-01
1.116031374894646660e+03 1.483250249504476370e+00 1.600372559010067586e-01
1.116288572904488774e+03 1.624799065217599203e+00 1.705884856630649205e-01
1.116546042793833749e+03 1.359214160297675944e+00 1.395696555839795183e-01
1.116802697044669912e+03 1.355043735881545475e+00 1.327094688210425644e-01
1.117059623175008937e+03 1.209146237400008816e+00 1.146499757701516242e-01
1.117317093064353912e+03 1.159571861784471247e+00 1.071489890741815360e-01
1.117574291074196026e+03 1.193054627909203136e+00 1.130325946656710739e-01
1.117832032843043862e+03 1.246587697810654483e+00 1.320721262900880488e-01
1.118089230852885976e+03 1.015011418459426107e+00 1.244360482080955344e-01
1.118346972621734039e+03 6.515450533866101734e-01 9.998467937961250107e-02
1.118603898752073064e+03 8.186243761322993251e-01 1.061532639222661639e-01
1.118861640520921128e+03 1.133334599464013825e+00 1.230679069752228655e-01
1.119119654169272280e+03 1.287315874056317755e+00 1.260859113409038001e-01
1.119377124058617028e+03 1.205639991655360621e+00 1.071959772714889542e-01
1.119635137706968180e+03 1.215417936429548984e+00 1.117404290967091846e-01
1.119892879475816471e+03 1.226922640598669734e+00 1.122643949547850184e-01
1.120150893124167396e+03 1.117670849886940765e+00 1.025000830039089761e-01
1.120408634893015460e+03 1.088329312986023423e+00 9.886408483353280319e-02
1.120666376661863296e+03 1.097786542388315523e+00 1.014709554683644321e-01
1.120924934069220399e+03 1.007125166464737154e+00 9.171307189179837838e-02
1.121182675838068462e+03 9.395377627864738290e-01 8.918905339715395286e-02
1.121441233245425565e+03 8.807093299509416440e-01 9.106668556976175999e-02
1.121699246893776490e+03 9.445653754697161952e-01 1.003312350894078053e-01
1.121957804301133592e+03 1.007815406065536878e+00 1.120221447413930899e-01
1.122216089828987606e+03 8.980669593541391604e-01 1.211101082976868276e-01
1.122474103477338758e+03 6.818724428391713666e-01 1.248363435129642290e-01
1.122732932764198949e+03 5.895212750956876357e-01 1.286263024805543997e-01
1.122991490171556052e+03 8.924898714623067386e-01 1.821337200494826114e-01
1.123250319458415788e+03 1.084874172245500201e+00 1.811598560829531523e-01
1.123508333106767168e+03 7.623764834428777837e-01 1.222336896539152756e-01
1.123767706152633082e+03 5.763507182604801216e-01 9.372934274469464644e-02
1.124026263559990184e+03 8.067761503983517102e-01 1.002005632668367396e-01
1.124284820967347287e+03 1.010075660943817288e+00 9.939719627858777107e-02
1.124544194013213200e+03 1.164857101280185159e+00 1.168210485054129166e-01
1.124802751420570303e+03 1.337371640709695830e+00 1.245201334422003092e-01
1.125062124466436444e+03 1.024726380264616488e+00 9.822021831530212965e-02
1.125320953753296408e+03 1.037128054810005917e+00 9.782542147817650802e-02
1.125580598678665410e+03 1.040956472417697620e+00 9.509781452247385858e-02
1.125839427965525601e+03 8.423250708268564813e-01 7.771708676097288659e-02
1.126098529131888881e+03 1.058209873590401084e+00 9.920431654790079490e-02
1.126357902177754795e+03 1.041968619982586608e+00 9.578712656800550396e-02
1.126617275223620709e+03 1.071613015525971990e+00 9.447659778340836145e-02
1.126877192028492800e+03 1.037169932705608977e+00 9.645800618391679737e-02
1.127136293194856080e+03 9.581423584701929119e-01 8.732006409840041561e-02
1.127396209999728171e+03 9.224393310780886202e-01 7.925004097634685829e-02
1.127655583045594085e+03 9.562721353003558189e-01 8.287425167166820317e-02
1.127914956091460226e+03 1.037258543065059824e+00 8.580059240199415516e-02
1.128175144775835406e+03 9.529002747071935175e-01 8.069302740997899570e-02
1.128434517821701320e+03 1.019490510822834706e+00 8.925117515516732547e-02
1.128694978385579589e+03 1.070012800000675002e+00 9.447931786606986182e-02
1.128954351431445502e+03 1.022425418266154296e+00 9.020868933931103228e-02
1.129214811995323544e+03 1.074910350719034513e+00 9.659831859836766343e-02
1.129474456920692546e+03 9.250836461450268056e-01 8.730066262925431642e-02
1.129734373725564637e+03 9.944555714912611810e-01 8.904361328824553223e-02
1.129994834289442906e+03 1.006117803538275846e+00 9.301450862897975291e-02
1.130254751094314770e+03 9.062616064202336785e-01 8.769669356769296820e-02
1.130515483537696127e+03 8.327180983762303423e-01 7.860519535918408796e-02
1.130775400342567991e+03 1.021017733519936410e+00 9.477750568998234704e-02
1.131036404665452210e+03 9.899392569143488085e-01 8.961928151864052838e-02
1.131296593349827390e+03 9.416624832379089094e-01 8.045795509120776123e-02
1.131556782034202570e+03 8.709690125152148577e-01 7.747437568752391090e-02
1.131817514477583472e+03 8.836027436240463384e-01 8.765273359711844847e-02
1.132077975041461514e+03 7.679444196145462920e-01 8.608440964470104317e-02
1.132338707484842644e+03 5.273829516269706863e-01 8.266717975576091948e-02
1.132599439928223774e+03 1.005046701099965523e+00 1.304642422268257329e-01
1.132860716130610854e+03 1.121288750251972166e+00 1.422912053539154287e-01
1.133121448573991984e+03 1.238328675922115263e+00 1.406705093880514790e-01
1.133382181017373114e+03 1.269876629588470474e+00 1.297318159286257044e-01
1.133643457219760194e+03 1.094312671787869728e+00 1.046681014177338609e-01
1.133904189663141324e+03 8.805138411820653266e-01 8.044752631151741440e-02
1.134165737745031265e+03 8.590583060736407539e-01 8.163527653555727182e-02
1.134426742067915484e+03 9.781380432746253906e-01 9.247016592939100166e-02
1.134688290149805653e+03 1.088941444663167557e+00 1.038142269911894733e-01
1.134949294472689644e+03 1.246934066544419961e+00 1.350855934159423677e-01
1.135210298795573863e+03 1.186322431087774021e+00 1.546376014500964180e-01
1.135472118756966893e+03 7.136825074736331542e-01 1.184239598763525553e-01
1.135733394959353973e+03 2.761649343062460016e-01 8.992991050147830512e-02
1.135995214920747003e+03 4.257313995932681117e-01 9.791265545283588112e-02
1.136256491123134310e+03 9.482484408579405777e-01 1.311535341484243999e-01
1.136518582964030429e+03 1.293307868819587814e+00 1.501422926750819176e-01
1.136780131045920371e+03 1.376745406016274487e+00 1.473148157050539198e-01
1.137042222886816489e+03 1.265833811266005471e+00 1.248523420029791497e-01
1.137303770968706658e+03 1.225231056885252023e+00 1.248436834487713920e-01
1.137565590930099688e+03 1.207701804182456540e+00 1.194865988668209617e-01
1.137827682770995807e+03 9.896466845108015109e-01 9.971935988542807161e-02
1.138089502732388837e+03 1.017111593751357512e+00 1.028071205299660867e-01
1.138351866452788045e+03 1.251593543312644830e+00 1.244224609833657763e-01
1.138613958293684163e+03 1.097014565566963640e+00 1.060163563550128030e-01
1.138876322014083371e+03 1.408051014232265752e+00 1.340053790754421048e-01
1.139138413854979262e+03 1.236247321644635466e+00 1.283610254159864295e-01
1.139400505695875381e+03 8.559993263215822656e-01 9.549802062228107680e-02
1.139663141295777677e+03 7.517102520413148081e-01 8.761415630830439449e-02
1.139925233136673796e+03 9.119557309724045657e-01 1.000143945354415309e-01
1.140188140616078726e+03 1.043125810583880320e+00 1.022362246194524205e-01
1.140450504336477934e+03 9.902378605500069542e-01 9.664513259398564704e-02
1.140713411815883319e+03 1.106350285761370733e+00 1.043272013503143830e-01
1.140976047415785160e+03 1.265086422890330242e+00 1.203971770075571435e-01
1.141238411136184368e+03 1.393021885082486033e+00 1.506370028117667292e-01
1.141501590495092387e+03 1.269071113612386670e+00 1.690327596183014425e-01
1.141764226094994683e+03 8.304031072541238068e-01 1.397834479672417640e-01
1.142027405453902702e+03 4.564583791826986592e-01 1.176672603928880512e-01
1.142290312933307860e+03 8.013351206122429904e-01 1.530377317893505951e-01
1.142553492292216106e+03 1.279369269259594821e+00 1.771299367065538033e-01
1.142816399771621263e+03 1.426272769787667594e+00 1.595217477957910079e-01
1.143079307251026194e+03 1.406440077736160532e+00 1.408287962653507475e-01
1.143343030368940390e+03 1.384033108987971383e+00 1.265195776765845326e-01
1.143605937848345548e+03 1.267142470798448883e+00 1.106846430581777951e-01
1.143869660966259744e+03 1.241129532438925764e+00 1.146449079728538295e-01
1.144132840325167763e+03 1.473311645309010487e+00 1.496017817429427244e-01
1.144396563443081959e+03 1.479684424833642264e+00 1.676994576528784420e-01
1.144660014681493067e+03 1.101692796885338277e+00 1.400344865407913142e-01
1.144923194040401313e+03 1.005056271777989840e+00 1.423253831374819978e-01
1.145187189037818371e+03 1.216967531956261173e+00 1.554264415056854087e-01
1.145450640276229706e+03 1.588117252026502779e+00 1.699333952837819572e-01
1.145714907153149625e+03 1.699990700912394681e+00 1.665813637743200071e-01
1.145978358391560960e+03 1.480665546076131101e+00 1.400208536985382002e-01
1.146242625268480879e+03 1.344399937560057934e+00 1.382453749547501443e-01
1.146506348386395075e+03 1.456102676977721666e+00 1.652789540587869532e-01
1.146770071504309271e+03 1.385090040714747284e+00 1.775491883164708740e-01
1.147034610260732507e+03 1.416097979529466366e+00 1.976012096405012908e-01
1.147298061499143614e+03 1.636032778510569496e+00 2.172533028123245225e-01
1.147563144014572572e+03 1.602107226509674964e+00 1.768023004614607818e-01
1.147826867132486768e+03 1.565244333971802293e+00 1.580186856452247268e-01
1.148091677768413092e+03 1.412170309727018847e+00 1.344354214793296032e-01
1.148355944645333238e+03 1.556630938230920025e+00 1.469695290807273569e-01
1.148619939642750069e+03 1.591049754332900745e+00 1.677644452153683463e-01
1.148884750278676393e+03 1.510475668165629504e+00 1.886784717846871351e-01
1.149149289035099628e+03 1.200507130141518219e+00 1.739626418994875412e-01
1.149414099671025724e+03 9.877506510019841146e-01 1.645232812739159667e-01
1.149678638427448959e+03 1.316142477850924086e+00 2.177115182740173571e-01
1.149943720942878144e+03 2.335166459363634761e+00 3.899895823140008266e-01
1.150208259699301152e+03 2.378401514933219829e+00 3.844598869901398874e-01
1.150472798455724387e+03 1.794980585369390758e+00 2.872557430105596721e-01
1.150738152850656434e+03 1.795276465240981167e+00 3.264081477958272193e-01
1.151002691607079669e+03 1.825899603731730991e+00 3.054011269589427813e-01
1.151268317881514804e+03 1.716970724145382432e+00 2.726480541302338523e-01
1.151533128517440900e+03 1.637879768296456096e+00 2.786979360873097500e-01
1.151798754791876036e+03 1.621297890823956145e+00 2.828483972667300006e-01
1.152063565427802359e+03 1.511995218415729703e+00 2.251084311885687972e-01
1.152328647943231545e+03 1.567551483612974694e+00 2.048423592996854170e-01
1.152594002338163591e+03 1.751863880847651211e+00 2.096798719848933512e-01
1.152859628612598726e+03 1.891355492109805692e+00 2.085803643327147072e-01
1.153125526766536950e+03 1.699024708553996010e+00 1.843376583802963375e-01
1.153390609281966135e+03 1.830878161129604997e+00 1.957182889485992172e-01
1.153656507435904359e+03 1.858523355616381156e+00 2.000154267877761183e-01
1.153922133710339494e+03 1.629003067216612255e+00 1.687157938738866880e-01
1.154187488105271541e+03 1.652376279945037441e+00 1.726301615748222495e-01
1.154453658138712854e+03 1.783459804939420357e+00 1.861401172552335503e-01
1.154719284413147989e+03 1.970650334003372972e+00 2.154772741861452900e-01
1.154985454446589301e+03 1.839036405770340554e+00 2.077285937287885464e-01
1.155251080721024437e+03 1.634719106037993086e+00 1.862922290166424411e-01
1.155517522633968611e+03 1.646784631478678707e+00 1.939260780262706263e-01
1.155783420787906834e+03 1.639635372510556799e+00 1.988654716097113528e-01
1.156049318941844831e+03 1.288958389198003207e+00 1.583927129172413573e-01
1.156315760854789232e+03 1.376168373302507186e+00 1.771021085988917221e-01
1.156581930888230318e+03 1.417840252329312767e+00 2.016516538468759168e-01
1.156848644680677580e+03 1.258835531123924989e+00 1.772616842674308579e-01
1.157114542834615804e+03 1.387941629433486312e+00 1.799738981944814520e-01
1.157381528506565928e+03 1.796747905554200164e+00 2.232180239783895515e-01
1.157647698540007241e+03 1.850139994765795270e+00 2.176081005946526037e-01
1.157914684211957365e+03 1.868592953628536835e+00 2.234192127232699221e-01
1.158181126124901311e+03 1.695155306637684101e+00 1.979096996981584700e-01
1.158447568037845713e+03 1.385600113237054343e+00 1.668624909769804987e-01
1.158714825589298698e+03 1.518174665201091234e+00 1.953743509019894575e-01
1.158981267502243099e+03 1.881901440367362399e+00 2.404902788904054456e-01
1.159248525053696312e+03 1.605023433857048376e+00 1.913189654771136061e-01
1.159514966966640259e+03 1.559505433942507624e+00 2.034378588607399507e-01
1.159782496397596560e+03 1.582655210613555186e+00 2.068092658986241672e-01
1.160049482069546684e+03 1.477066116065245405e+00 1.764375171218429128e-01
1.160316195861993947e+03 1.679403318049186078e+00 2.158101597137807026e-01
1.160583725292950248e+03 1.880107694422108899e+00 2.780180547588311790e-01
1.160850982844403234e+03 1.619066688224394701e+00 2.459480196167103672e-01
1.161118512275359535e+03 1.725303000655573404e+00 2.984440731749227194e-01
1.161385497947309659e+03 1.649355074405415289e+00 3.364000527783189698e-01
1.161653299257768822e+03 1.172602111638654465e+00 2.326750315050377105e-01
1.161920828688725123e+03 1.372659050941308800e+00 2.414585893048535881e-01
1.162188086240178336e+03 1.798474542693206502e+00 2.765975157904990711e-01
1.162455887550637499e+03 1.443869936566802403e+00 1.940353414443067304e-01
1.162723416981593800e+03 1.046343604188222809e+00 1.459855179059538210e-01
1.162991490171556052e+03 7.589102178703660551e-01 1.181068262506297095e-01
1.163259019602512126e+03 9.006625328809432229e-01 1.299322800981517201e-01
1.163527364671977239e+03 1.278510524460955589e+00 1.763058655247680129e-01
1.163794894102933540e+03 1.488685706090173033e+00 2.188366203308536317e-01
1.164062695413392703e+03 1.506873533389561315e+00 2.437559940297848726e-01
1.164331040482857816e+03 1.667716041905471958e+00 2.781327809585374400e-01
1.164599113672820067e+03 1.836763366569481137e+00 3.023068548234034703e-01
1.164867458742285407e+03 1.828103827709790519e+00 2.681013363602049449e-01
1.165135531932247432e+03 1.966374254959927015e+00 2.551446678885814223e-01
1.165404148881215860e+03 2.030799660452993205e+00 2.361328592767832635e-01
1.165671950191674796e+03 1.903964067753312284e+00 2.204991910934786248e-01
1.165940295261140136e+03 1.628452461468686163e+00 1.811575224043770471e-01
1.166209455969114515e+03 1.599757019948693459e+00 1.822254137210155278e-01
1.166477529159076767e+03 1.403612744902856591e+00 1.859082969472126423e-01
1.166746689867050918e+03 1.142585440203390146e+00 1.684244194888330215e-01
1.167014763057013170e+03 1.220064789117977444e+00 1.766250953127034284e-01
1.167284195644490183e+03 1.353694835757216941e+00 2.021964152650795321e-01
1.167552540713955523e+03 2.061817026730762059e+00 3.055913882454167618e-01
1.167821157662923724e+03 2.333961241572323431e+00 3.458902567091938773e-01
1.168090590250400965e+03 2.328697907379608800e+00 3.464212328865340917e-01
1.168359207199369166e+03 2.190843938978504379e+00 3.187914230428600670e-01
1.168628639786846406e+03 2.251107805756864089e+00 3.346991296687507611e-01
1.168897528615317697e+03 2.172217541932595530e+00 2.971898595257400078e-01
1.169166689323291848e+03 2.016927601501905531e+00 2.545530218367852426e-01
1.169436121910769089e+03 1.834771687801978635e+00 2.183706367438533469e-01
1.169705010739240379e+03 1.857167166327559737e+00 2.086652534431384098e-01
1.169974715206220480e+03 1.969492969289089901e+00 2.265820307722451188e-01
1.170243875914194859e+03 1.956911958842780574e+00 2.359559454756721408e-01
1.170513852260678050e+03 1.865866913871899513e+00 2.172197666719904441e-01
1.170783012968652201e+03 2.185549823275333647e+00 2.742626050305384533e-01
1.171052989315135392e+03 1.947654472460744746e+00 2.621882305744501762e-01
1.171322421902612632e+03 1.484921646483661650e+00 1.902725156897123182e-01
1.171591854490089872e+03 1.381756894296962690e+00 1.721442509259749620e-01
1.171862102716076151e+03 1.344666170677424999e+00 1.799412376283666404e-01
1.172131535303553392e+03 7.919980346302115670e-01 1.163645911715099485e-01
1.172401783529539671e+03 7.962078258655671537e-01 1.115518289774497240e-01
1.172671759876022861e+03 1.107098425878385584e+00 1.365310762946947698e-01
1.172942008102009140e+03 1.532452623780682588e+00 1.729045638460295631e-01
1.173211712568989242e+03 1.811358474660296425e+00 1.922484287052483587e-01
1.173481960794975748e+03 1.753276994012709089e+00 1.819455299450946362e-01
1.173752480900464889e+03 1.649142393899624581e+00 1.759977158022397459e-01
1.174022457246948079e+03 1.711609830252703857e+00 1.811510258648329486e-01
1.174292977352437447e+03 1.629556347607343803e+00 1.701508210503674678e-01
1.174563225578423499e+03 1.664253667607431986e+00 1.654624382974681784e-01
1.174834017563415955e+03 1.649039391416010414e+00 1.604498047590653675e-01
1.175104265789402007e+03 1.490507747892874768e+00 1.447699088299923831e-01
1.175374785894891374e+03 1.606311441835003739e+00 1.612499754246766170e-01
1.175645849759386692e+03 1.094249723316765177e+00 1.270295842291886135e-01
1.175916369864875833e+03 1.218371115302063989e+00 1.318379997682022631e-01
1.176187433729371151e+03 1.326286381277654414e+00 1.368692143354738322e-01
1.176457953834860291e+03 1.405876879976164950e+00 1.412373508074232509e-01
1.176729289578858470e+03 1.341287801849005312e+00 1.240847521710593399e-01
1.177000081563850699e+03 1.148550108477321530e+00 1.160742944553746769e-01
1.177270873548843156e+03 1.081345553115782954e+00 1.162242615418755537e-01
1.177542209292841562e+03 1.302803601832269731e+00 1.347822688181309347e-01
1.177813001277833564e+03 1.366621903728444609e+00 1.379152830675432762e-01
1.178084608901335059e+03 1.351222374636803503e+00 1.383088094869283358e-01
1.178355672765830150e+03 1.255127093050056653e+00 1.224627536898229424e-01
1.178627552268834279e+03 1.273988216598932688e+00 1.160603544271828630e-01
1.178898616133329597e+03 1.312235399659819501e+00 1.175669083098254686e-01
1.179170495636333953e+03 1.280983314816542817e+00 1.141682606834829306e-01
1.179441559500829271e+03 1.260971912232089487e+00 1.116414962885377699e-01
1.179713167124330539e+03 1.325381790307256669e+00 1.143337738215292887e-01
1.179985046627334668e+03 1.462078479094520267e+00 1.235000205651023281e-01
1.180256654250835936e+03 1.522151007702520209e+00 1.293217562701823586e-01
1.180528805633343381e+03 1.369406134593311952e+00 1.196325175689430670e-01
1.180800413256844422e+03 1.276424148091912958e+00 1.161872387178524285e-01
1.181072564639351867e+03 1.267033181983377776e+00 1.136554085051129231e-01
1.181344444142355997e+03 1.199010987550649165e+00 1.060410875502427741e-01
1.181616051765857264e+03 1.159268538571176510e+00 1.017037943390326493e-01
1.181888475027867571e+03 1.310799591103487982e+00 1.109038360603948198e-01
1.182160354530871928e+03 1.216148719092968289e+00 1.010417660686043911e-01
1.182433049672385096e+03 1.161148155247552216e+00 9.817306863024811980e-02
1.182704929175389452e+03 1.273817727313560022e+00 1.110205771360412152e-01
1.182977624316902620e+03 1.204529923036216310e+00 1.043900957313132899e-01
1.183249775699409838e+03 1.133227395525117087e+00 9.794688857789507486e-02
1.183522198961420372e+03 1.302576995308794450e+00 1.050378915798418772e-01
1.183795165982436629e+03 1.143610494041550352e+00 9.671793280271255566e-02
1.184067317364943847e+03 1.225080214137175050e+00 9.598682620761622708e-02
1.184340556265462965e+03 1.151126951206052462e+00 9.203600940434060462e-02
1.184612979527473271e+03 1.179161918874955584e+00 1.018098244452331214e-01
1.184885946548489528e+03 1.335938253364260531e+00 1.240038460015319977e-01
1.185158641690002923e+03 1.225068732576094943e+00 1.195932259784928675e-01
1.185431336831516319e+03 1.373214144908467826e+00 1.350275802111656764e-01
1.185704575732035664e+03 1.288577005310668433e+00 1.313191399092341893e-01
1.185977542753051921e+03 1.208645110626621832e+00 1.179204979026624300e-01
1.186250781653571266e+03 1.237047424052676314e+00 1.223888720963297039e-01
1.186523748674587523e+03 1.283570052826588981e+00 1.222803695390625861e-01
1.186797259454609502e+03 1.467944307185116815e+00 1.247851018050042532e-01
1.187070498355128848e+03 1.217349218465453964e+00 1.032243887092992862e-01
1.187343465376145105e+03 1.139655553903738738e+00 9.712488365226731868e-02
1.187617248035670627e+03 9.934568085287857064e-01 9.223675691826430101e-02
1.187890486936189973e+03 8.631008254146441683e-01 9.007480831016009826e-02
1.188164269595715041e+03 9.311416077853061912e-01 9.245750305737027164e-02
1.188437780375737475e+03 1.262010753185413892e+00 1.148075146012280112e-01
1.188711834914765632e+03 1.541140444262327547e+00 1.354070450822602578e-01
1.188985345694788066e+03 1.391115953767374958e+00 1.158937230863966855e-01
1.189258856474810273e+03 1.304504090576724895e+00 1.026485098350431308e-01
1.189532911013838429e+03 1.384669574628021316e+00 1.098258419402592528e-01
1.189806693673363952e+03 1.411488120272606617e+00 1.131546938557912024e-01
1.190081020091895198e+03 1.407087602719946817e+00 1.088341751222083320e-01
1.190354802751420493e+03 1.247506189945384314e+00 9.727344585728434079e-02
1.190629129169951739e+03 1.245682599875376884e+00 1.016278722247628274e-01
1.190903183708980350e+03 1.164990569056471914e+00 1.007253290350911823e-01
1.191177238248008507e+03 1.019803112975744996e+00 9.358741855865468362e-02
1.191451836546042841e+03 9.539640233168691363e-01 9.175632164221975140e-02
1.191725891085071225e+03 1.011673311590802538e+00 9.639507638527586297e-02
1.192000761262608194e+03 1.352575986600190516e+00 1.211139267569732586e-01
1.192275087681139667e+03 1.571000104673610176e+00 1.305530788764319994e-01
1.192549685979174001e+03 1.329171547263035214e+00 1.077158392748220062e-01
1.192824284277208335e+03 1.193719948746773118e+00 9.453077634376322314e-02
1.193098338816236719e+03 1.320065192559202849e+00 1.017995514989499528e-01
1.193373752752779865e+03 1.202355229801801428e+00 9.349298849079387685e-02
1.193648079171311110e+03 1.150336908967400706e+00 9.109825499393366111e-02
1.193923493107854483e+03 1.141631407871561033e+00 9.553525239423581172e-02
1.194198091405888817e+03 1.334113959408088856e+00 1.120554018050400613e-01
1.194473777221935279e+03 1.388650310361007723e+00 1.156619401915539164e-01
1.194748375519969613e+03 1.247602712910635514e+00 1.054403345885418508e-01
1.195023245697506809e+03 1.208481693032544602e+00 9.704143813155038933e-02
1.195298931513553271e+03 1.182854564302657119e+00 9.478747818018271043e-02
1.195573801691090239e+03 1.157267761559189090e+00 9.330613306420335040e-02
1.195849487507136701e+03 1.210230978577637728e+00 9.781109889027773951e-02
1.196124629564177212e+03 1.311970061304714052e+00 1.090106153572446002e-01
1.196400315380223219e+03 1.302802845984705860e+00 1.194967762208932610e-01
1.196675729316766819e+03 8.268142515566925255e-01 1.048749545618065243e-01
1.196950871373807104e+03 4.588521058528852170e-01 8.781342789171291130e-02
1.197227100948859288e+03 5.419866265898951596e-01 1.016301574706157257e-01
1.197502514885402661e+03 1.097160214944460144e+00 1.550454291628489412e-01
1.197778472580951984e+03 1.617256888323043373e+00 1.979112572645443935e-01
1.198053886517495357e+03 1.389906175793458987e+00 1.444404695953405982e-01
1.198330387972050630e+03 1.011983965844720723e+00 1.056059770751504451e-01
1.198606073788097092e+03 1.099116035336411112e+00 1.045153387629620956e-01
1.198881759604143326e+03 1.369557792620369252e+00 1.151839096250794614e-01
1.199158261058698599e+03 1.297589757326683024e+00 1.063812303450560742e-01
1.199434218754248150e+03 1.181071891026792553e+00 9.822375150415396661e-02
1.199710720208803423e+03 1.180948614157263155e+00 9.661129518220892831e-02
