1 abs | 1 tot
spec-5972-56334-0758norm.dr16
BI (-30000 > v > -60000.0): 4.37
vmins: [-41831.85596]
vmaxs: [-43928.05843]
BI_individual: [4.37]
EW_individual: [92.44]
Depth: [0.21]


