1 abs | 1 tot
spec-10901-58397-0466norm.dr16
BI (-30000 > v > -60000.0): 13.06
vmins: [-43307.36021]
vmaxs: [-46007.22942]
BI_individual: [13.06]
EW_individual: [103.6]
Depth: [0.31]


