# 	Wavelength	 Divided_Spectra	 Divided_Error
1.000176177917946688e+03 1.094695419389143387e+00 2.118965192103574868e-01
1.000406187977488344e+03 1.069339867482841377e+00 1.987599311554388293e-01
1.000637013675539038e+03 1.600314075277534220e+00 4.090869654521043786e-01
1.000867295614583554e+03 1.666606545216795743e+00 4.917623187664966755e-01
1.001097305674125209e+03 1.182263741626983000e+00 3.005080313789810775e-01
1.001328403251678765e+03 2.449313729446238153e+00 1.403112239980444764e+00
1.001558685190723509e+03 2.109887168515264477e+00 1.371650106852353446e+00
1.001789510888773975e+03 7.621775116778573000e-01 2.040598125329195212e-01
1.002020064707321694e+03 8.879383325761570633e-01 2.211153848643461761e-01
1.002251162284875363e+03 1.012317915010352953e+00 2.531256465677692580e-01
1.002481716103422968e+03 1.112689318807106531e+00 2.625994026055549213e-01
1.002712813680976524e+03 1.893686089251500393e+00 5.825593928306883607e-01
1.002943639379027218e+03 1.457529411550831044e+00 3.696168282952392858e-01
1.003174193197574823e+03 1.498216042611279608e+00 4.000118539049112854e-01
1.003405562654631467e+03 1.063284418553758659e+00 2.163636772777003392e-01
1.003636388352682047e+03 9.963113132303406116e-01 1.878049811160703852e-01
1.003867757809738691e+03 1.088039325155025994e+00 2.129934017913818756e-01
1.004098855387292247e+03 8.599465745560103125e-01 1.390204809305310152e-01
1.004330224844349004e+03 1.327251427803796568e+00 2.678270265479273937e-01
1.004561322421902560e+03 1.662273436611324540e+00 3.855679589434345411e-01
1.004792419999456115e+03 1.384160473130395363e+00 2.821975692022677396e-01
1.005024061336015848e+03 1.003009868212779709e+00 1.736446863232084248e-01
1.005255430793072378e+03 1.048278638203395063e+00 1.938767315275578274e-01
1.005487072129632111e+03 1.796956744044371446e+00 6.094524182929393907e-01
1.005718441586688641e+03 1.031918626744179113e+00 2.392054866509367439e-01
1.005950354802751349e+03 1.212500093269889057e+00 3.096321363978770114e-01
1.006181724259807993e+03 1.068440100567137785e+00 2.474692142049286780e-01
1.006413365596367612e+03 9.707207950150678055e-01 2.015037752645910674e-01
1.006645278812430320e+03 1.172479588745568346e+00 2.664241033838888884e-01
1.006876920148989825e+03 1.051717306506726457e+00 2.212274163725829745e-01
1.007109105244555622e+03 7.048183817689116504e-01 1.045682342508353069e-01
1.007340746581115241e+03 8.776751554829158586e-01 1.437955134081322361e-01
1.007573203556183785e+03 7.814316256126372373e-01 1.156541688933863388e-01
1.007804844892743404e+03 7.691359368175003652e-01 1.059782671394663006e-01
1.008036758108806112e+03 9.878311353698976394e-01 1.601290152769093700e-01
1.008269215083874769e+03 1.046048385114893842e+00 1.676658684747474037e-01
1.008501128299937363e+03 1.001510286703905850e+00 1.625956981533845380e-01
1.008733585275006021e+03 8.047977713567437963e-01 1.199013001287867752e-01
1.008965770370571818e+03 9.003918596901918647e-01 1.480645415882417271e-01
1.009198499225143337e+03 1.011932426596582113e+00 1.913372860356243044e-01
1.009430684320709020e+03 8.912299707214338396e-01 1.916360356525165787e-01
1.009662869416274702e+03 2.115082356735072278e+00 1.031017699185080572e+00
1.009895598270846222e+03 2.104683425953531195e+00 9.679005068508822474e-01
1.010128055245914879e+03 5.120130862973057972e+00 5.916018275770833057e+00
1.010360784100486626e+03 7.824989310023423572e-01 1.680009790743225706e-01
1.010593241075555284e+03 6.283520157532016537e-01 9.807698416408387743e-02
1.010826241809630005e+03 8.370155599216521081e-01 1.569536718781918694e-01
1.011058970664201524e+03 7.878042999671001079e-01 1.444005443668602562e-01
1.011291427639270182e+03 8.420632043463768257e-01 1.724110178385688530e-01
1.011524700252847879e+03 3.288322373585553571e+00 2.355651166871095548e+00
1.011757429107419512e+03 1.635654370369485466e+00 6.341782510103209924e-01
1.011990701720997208e+03 7.546582708049005550e-01 1.595754441869964846e-01
1.012223430575568955e+03 6.615862398382043041e-01 1.100073664033698884e-01
1.012456975068649513e+03 6.600537757081508250e-01 9.137072354511446837e-02
1.012689975802724234e+03 1.076391560152284432e+00 1.867839193880806437e-01
1.012922976536798842e+03 1.016458294752068392e+00 1.566460700714213672e-01
1.013156249150376425e+03 1.048615077956915886e+00 1.636614156766036665e-01
1.013389521763954122e+03 9.479045373018691878e-01 1.373463212731084460e-01
1.013623066257034793e+03 8.020165056706415330e-01 1.049734627701953832e-01
1.013856338870612490e+03 8.732916482081334308e-01 1.193622377085093861e-01
1.014090155243196250e+03 8.495400562991466398e-01 1.094285570464627877e-01
1.014323427856773833e+03 8.836733843439983360e-01 1.200044021270005173e-01
1.014556700470351529e+03 1.010824661648336731e+00 1.650569146342392712e-01
1.014790788722438151e+03 1.188036316850105356e+00 2.327908779962910568e-01
1.015024061336015848e+03 9.466426961678029439e-01 1.737914956096038577e-01
1.015258149588102469e+03 7.088312844313976457e-01 1.141720530085897772e-01
1.015491694081183141e+03 1.015636148183974186e+00 2.286515668819722180e-01
1.015726054212772851e+03 7.482611499608892158e-01 1.377897108279368399e-01
1.015959598705853523e+03 1.053340683133798583e+00 2.625191466829105424e-01
1.016193415078437170e+03 1.072087429935394187e+00 2.784817801802662585e-01
1.016427775210026880e+03 6.465595822332647069e-01 1.253257776229369236e-01
1.016661591582610527e+03 1.006217856814506817e+00 2.404494153947706603e-01
1.016895951714200237e+03 1.062086486948146336e+00 2.466952199137540380e-01
1.017129768086783884e+03 8.088211990331712897e-01 1.406709479301483934e-01
1.017364400097876569e+03 6.431452747776756906e-01 8.409372789468892717e-02
1.017598488349963304e+03 7.288043772797775377e-01 9.396890528449579338e-02
1.017832576602049926e+03 1.126577528133102302e+00 1.883653796679671255e-01
1.018067208613142611e+03 1.289219389246758718e+00 2.177192547258581246e-01
1.018301568744732322e+03 1.016254630445168505e+00 1.420671527872764961e-01
1.018536472635327982e+03 9.375849416608262876e-01 1.278030294951312540e-01
1.018770560887414604e+03 9.056879352904532166e-01 1.241298079255152842e-01
1.019005464778010264e+03 8.950263195563424867e-01 1.207309525006400319e-01
1.019240096789103063e+03 9.234947926441278154e-01 1.298284636631522326e-01
1.019474456920692660e+03 9.485258474710447363e-01 1.395995973545372526e-01
1.019709632690791409e+03 7.920120813927656878e-01 1.032471976273115072e-01
1.019944264701884094e+03 9.928509457242520320e-01 1.418776084180557451e-01
1.020179440471982844e+03 1.038605944743631104e+00 1.479287477790124095e-01
1.020414072483075415e+03 8.351859708283635442e-01 1.016229173717630441e-01
1.020649248253174164e+03 7.217066924399574424e-01 8.318111601200227356e-02
1.020884152143769938e+03 7.814765608317816303e-01 9.925203719037582750e-02
1.021119599793371549e+03 7.489968743675778917e-01 9.127482595682077926e-02
1.021354503683967209e+03 1.100631009864248888e+00 1.718762579203887420e-01
1.021589407574562870e+03 8.822672587299704716e-01 1.203670231321982559e-01
1.021825127103667569e+03 9.173836084241361322e-01 1.296954236300154883e-01
1.022060030994263343e+03 1.325836912479164909e+00 2.595647658953699755e-01
1.022295750523368042e+03 7.436421966649672255e-01 9.284321675847218014e-02
1.022530926293466678e+03 8.492340197758756482e-01 1.158464459417424541e-01
1.022766645822571490e+03 8.236489788191008188e-01 1.080978020855937471e-01
1.023002093472173101e+03 8.231020079767306097e-01 1.018955133259031864e-01
1.023237269242271736e+03 9.584882105066435676e-01 1.205251670378612999e-01
1.023473260650879411e+03 1.051073109218073398e+00 1.418236761197655960e-01
1.023708708300481135e+03 9.421893784431344399e-01 1.191642828321454323e-01
1.023944699709088809e+03 8.973610284174569074e-01 1.056305081907866761e-01
1.024180419238193508e+03 8.037690892452843405e-01 9.187326905912077124e-02
1.024416410646801296e+03 1.111051251462355172e+00 1.710054814927801370e-01
1.024652130175905995e+03 1.187132672316689064e+00 1.856570603979054435e-01
1.024887849705010694e+03 8.254115257512552040e-01 9.669171171637289119e-02
1.025124384872624432e+03 9.884280808460900181e-01 1.322301467830989119e-01
1.025360104401729131e+03 1.075172340120815750e+00 1.544313887427203325e-01
1.025596639569342869e+03 9.880870872460156829e-01 1.353199809903044559e-01
1.025832630977950430e+03 9.100568455863233819e-01 1.215286112190635953e-01
1.026068894266061307e+03 8.920145888708617132e-01 1.190530202321039288e-01
1.026305157554171956e+03 9.169479358386422030e-01 1.294328212448453419e-01
1.026541148962779744e+03 1.049514421629503591e+00 1.529152223428068280e-01
1.026777956009896343e+03 1.077067932638667402e+00 1.596244027144129995e-01
1.027013947418504131e+03 8.450095443385557958e-01 1.086527391652652025e-01
1.027251026345123819e+03 7.269184830282121590e-01 8.640454934696337186e-02
1.027487289633234468e+03 8.813219841282665667e-01 1.160761281279064916e-01
1.027724096680351295e+03 1.204511384244472572e+00 1.989492824766035395e-01
1.027960631847965033e+03 9.774200115180472492e-01 1.394438367771493326e-01
1.028197167015578543e+03 7.284039109704679715e-01 8.653325154703143951e-02
1.028434245942198459e+03 8.095132625345101696e-01 1.016549681263738958e-01
1.028670781109812197e+03 6.890599474126450907e-01 7.448845881307181171e-02
1.028908131915934746e+03 7.106268149521550725e-01 7.617122741653301055e-02
1.029144667083548484e+03 9.204628527053116960e-01 1.126870843722917737e-01
1.029382017889671260e+03 8.093864990917578606e-01 9.186657078693269418e-02
1.029618824936788087e+03 8.208046500120382838e-01 9.347924577281666036e-02
1.029855631983904686e+03 7.640884319214064080e-01 8.340126657818414113e-02
1.030093254669530552e+03 8.736173756759952891e-01 1.023888887466426895e-01
1.030330061716647151e+03 8.521613570055280862e-01 9.989203123713351340e-02
1.030567684402272789e+03 7.540801746741585543e-01 8.132936028628619252e-02
1.030804763328892477e+03 8.402052408432005848e-01 1.005112442373145704e-01
1.031042386014518343e+03 7.592494238297493592e-01 8.928554243336508933e-02
1.031279736820641119e+03 9.014509572458999642e-01 1.418071199710924657e-01
1.031516815747260807e+03 1.995702638191770850e+00 7.371778557670296550e-01
1.031754710312389534e+03 4.832660404879526084e+00 5.248776360586843381e+00
1.031992061118512311e+03 1.755245416468220965e+00 1.018552367155096672e+00
1.032230227563144126e+03 1.836025958632527821e+00 1.169935565600846994e+00
1.032467578369266676e+03 7.778095022826465588e-01 1.744921749388011478e-01
1.032705744813898491e+03 6.422012782521374641e-01 9.493332888738886810e-02
1.032943367499524129e+03 6.178979557640404963e-01 7.430818404561935486e-02
1.033180990185149994e+03 6.085860510456817529e-01 6.275335519469145418e-02
1.033419156629781583e+03 6.052530694993275562e-01 6.133909050701191051e-02
1.033656779315407448e+03 9.336852109101165809e-01 1.251534758181648832e-01
1.033895217639542125e+03 8.729635427792261648e-01 1.102204636842085833e-01
1.034133112204670851e+03 1.034093094709449989e+00 1.477980037323228246e-01
1.034371550528805528e+03 1.015368317941226728e+00 1.356762841763675120e-01
1.034609445093934255e+03 1.111891985355194290e+00 1.427918665343020921e-01
1.034847611538566071e+03 1.379902700446230979e+00 2.097747228822659238e-01
1.035086049862700747e+03 1.199755553064373315e+00 1.651615995271550341e-01
1.035324216307332563e+03 7.676465045818643418e-01 7.684214322650285978e-02
1.035562926510970328e+03 7.869924778870378557e-01 8.002681704600593526e-02
1.035801364835105005e+03 7.881138678518229135e-01 7.848040885053611526e-02
1.036040075038742771e+03 7.122404237786350567e-01 6.660437119535428385e-02
1.036278513362877447e+03 7.401319328323099356e-01 6.883729740745449244e-02
1.036516951687012352e+03 9.841733889557505721e-01 1.073232161112450816e-01
1.036755933770152978e+03 1.017796859281615340e+00 1.152898999893025855e-01
1.036994372094287655e+03 9.441225221365512343e-01 9.924355936093701147e-02
1.037233354177428510e+03 9.834046579674375899e-01 1.029376675159768273e-01
1.037472064381066275e+03 9.699184481757576748e-01 9.982732832606072693e-02
1.037711318343709991e+03 9.356470618941993278e-01 9.620665807795501789e-02
1.037950028547347756e+03 1.023908342322786158e+00 1.129478105367021923e-01
1.038188738750985522e+03 9.408060936314475153e-01 1.005672106002442473e-01
1.038428264593132326e+03 8.856568418464484393e-01 8.958795388656069780e-02
1.038667246676272953e+03 8.715488499539084666e-01 8.479315398212157462e-02
1.038906500638916896e+03 8.948749337352351896e-01 8.908371479447774188e-02
1.039145754601560611e+03 9.573240938000368017e-01 1.014048038414690628e-01
1.039385280443707416e+03 9.867076116015210951e-01 1.082336304167443031e-01
1.039624262526848042e+03 9.727287326566818049e-01 1.049725479070167111e-01
1.039864060248497935e+03 9.511287505028415135e-01 1.006977549436550989e-01
1.040103314211141424e+03 8.461208926470621394e-01 8.407273108570262332e-02
1.040342568173785367e+03 8.847857405644851125e-01 9.230351897598756961e-02
1.040582365895435032e+03 9.699224738059379902e-01 1.136254508835432137e-01
1.040821891737581836e+03 7.947170329750710138e-01 8.331981143061342743e-02
1.041061961338734591e+03 1.124213379551011860e+00 1.581635761650382055e-01
1.041301215301378534e+03 7.952350469636677577e-01 8.467017360772401136e-02
1.041541556782034149e+03 1.113854754937384950e+00 1.374663939306484950e-01
1.041781082624180954e+03 1.161350200017345013e+00 1.449294098540583609e-01
1.042020608466327758e+03 7.951819360426236605e-01 7.573454577784297093e-02
1.042260949946983374e+03 1.056689871359363320e+00 1.264946679263999341e-01
1.042500747668633267e+03 7.630525373878510598e-01 7.006313776303844942e-02
1.042741089149289110e+03 1.246906384051942984e+00 1.779317542490603532e-01
1.042981158750441637e+03 8.726049644190279064e-01 1.026391689522867801e-01
1.043221500231097480e+03 7.094044711212358356e-01 8.445467434366990545e-02
1.043461569832250234e+03 1.317835986920504743e+00 2.468609487667565716e-01
1.043701639433402988e+03 1.027844910720899341e+00 1.695274580358284156e-01
1.043942252793561920e+03 7.618699076309221052e-01 9.655556102615346636e-02
1.044182594274217763e+03 8.457629538385058598e-01 1.035778128170341955e-01
1.044423207634376467e+03 9.823002929967488139e-01 1.173201187645718929e-01
1.044663549115032083e+03 1.038912624078490277e+00 1.205585157483374387e-01
1.044904434354693876e+03 1.030818810599648083e+00 1.094156325260754181e-01
1.045144775835349719e+03 8.965179225946871000e-01 8.771447759964036417e-02
1.045385117316005562e+03 8.796469878487489513e-01 8.836895092467977886e-02
1.045626274435170217e+03 1.052373020640273493e+00 1.267960668466027452e-01
1.045866887795329149e+03 1.101350614034061426e+00 1.478330243728446514e-01
1.046108044914493803e+03 1.024196323414110932e+00 1.363703753991283019e-01
1.046348658274652507e+03 9.357181586800028539e-01 1.183679325595338588e-01
1.046590087273320478e+03 8.183622686281478709e-01 9.725314258481830565e-02
1.046830700633479182e+03 7.968786829873321098e-01 9.311321039383195497e-02
1.047071585873140975e+03 8.484217641766487183e-01 1.038427359974855718e-01
1.047313014871808718e+03 8.401173305961340265e-01 1.029402669075782234e-01
1.047553900111470512e+03 8.081738699501097578e-01 9.744453544642339704e-02
1.047795600989641343e+03 8.643198779953672473e-01 1.046696393244839207e-01
1.048036486229303136e+03 8.839884485361955146e-01 1.049839763214195087e-01
1.048278187107473968e+03 7.222545493832668306e-01 7.448030806805860937e-02
1.048519344226638850e+03 7.119961658647829816e-01 6.899127887376838020e-02
1.048760501345803505e+03 7.144153252750274907e-01 6.823309584956967211e-02
1.049002474103477198e+03 6.306130686240681849e-01 5.824243715307735048e-02
1.049243631222642080e+03 6.303329702331706974e-01 5.750166348949632689e-02
1.049485875859818861e+03 8.077148376903779958e-01 8.636803822087346649e-02
1.049727032978983743e+03 7.961824943960461587e-01 8.358115230934848316e-02
1.049969277616160525e+03 8.357529706844633033e-01 9.085512968147645141e-02
1.050210706614828268e+03 8.037751489023748919e-01 8.303551706058751036e-02
1.050452407492999100e+03 7.731088624241767571e-01 7.672845239800772654e-02
1.050694652130175882e+03 8.579131868820466522e-01 8.753646574309977002e-02
1.050936353008346714e+03 9.165199150650066295e-01 9.263206299191101278e-02
1.051178597645523496e+03 1.097519386314045331e+00 1.255336651147171134e-01
1.051420570403197189e+03 9.157597167019835283e-01 9.254308024814054956e-02
1.051662815040374198e+03 7.990173142669971806e-01 7.580033734214602914e-02
1.051904787798047892e+03 7.306169206749625333e-01 6.913188597245084610e-02
1.052146760555721585e+03 6.584605909737338836e-01 6.651802885650599795e-02
1.052389548951904544e+03 7.653222240171198010e-01 9.279689235659643876e-02
1.052631521709578237e+03 9.082608365683398910e-01 1.359527075570452492e-01
1.052874310105761197e+03 1.418367206851015583e+00 3.083535348675398025e-01
1.053116554742937751e+03 1.218808790658986840e+00 2.364569535684447055e-01
1.053359343139120710e+03 7.436162453198986722e-01 9.744592172648749995e-02
1.053601587776297492e+03 5.914132219568831728e-01 6.482660493134310975e-02
1.053844104292977363e+03 6.389066775567414647e-01 6.238095974323464021e-02
1.054087164568663184e+03 6.290020918263354854e-01 5.555733806668781277e-02
1.054329681085342827e+03 7.289995602849552725e-01 6.469613416914635207e-02
1.054572741361028875e+03 7.816228983555366661e-01 6.859285920978394624e-02
1.054815257877708518e+03 7.679986950453228101e-01 6.541689253095266110e-02
1.055058590032897428e+03 8.096284626966605558e-01 7.070315782053812614e-02
1.055301378429080160e+03 9.365292835533270965e-01 8.599568716783899391e-02
1.055543894945760030e+03 7.456339750150303702e-01 5.983032159767256997e-02
1.055787498980451801e+03 7.866813083333171752e-01 6.625198849552554892e-02
1.056030287376634533e+03 9.914180620635623109e-01 9.718817949143478130e-02
1.056273891411326531e+03 9.326537233995835230e-01 9.039211018243059614e-02
1.056516951687012352e+03 7.321149115406433427e-01 6.320610340281526685e-02
1.056760555721704122e+03 7.581400690445813106e-01 6.820080950765197714e-02
1.057003615997389943e+03 7.162666033988852599e-01 6.409553281867652608e-02
1.057246676273075764e+03 7.048990931094959445e-01 6.590482929920558897e-02
1.057490552187270623e+03 6.883310661649590934e-01 6.319152012135945129e-02
1.057733884342459305e+03 7.027926833312921895e-01 6.403091186526625733e-02
1.057977760256654165e+03 6.776150390915202104e-01 6.363698562431009675e-02
1.058221092411843074e+03 7.095166920192554905e-01 6.615841596667056124e-02
1.058465240205540795e+03 8.449700804884396899e-01 8.343768708018352298e-02
1.058708572360729704e+03 8.110776762724631883e-01 7.732729429926740727e-02
1.058952720154427652e+03 8.239645524742583715e-01 8.173358187324702984e-02
1.059196324189119423e+03 8.917207286151831447e-01 8.794694006731786085e-02
1.059439928223811194e+03 8.420015481624277820e-01 7.812537949083017685e-02
1.059684347897012003e+03 7.802562580324033936e-01 6.878084110758306280e-02
1.059927951931703774e+03 6.371544313950573413e-01 5.273655773700896415e-02
1.060172643484407672e+03 7.140068295399351062e-01 6.435043671578324909e-02
1.060416519398602532e+03 7.708571165675373038e-01 6.618680842518957774e-02
1.060660939071803341e+03 8.398591885125897827e-01 7.287654358926529130e-02
1.060905086865501062e+03 9.293733226722220575e-01 8.522332968554027777e-02
1.061148962779696149e+03 9.095460252172223869e-01 7.985827130712175315e-02
1.061393654332399819e+03 1.203588484159639371e+00 1.201704799809653751e-01
1.061637802126097768e+03 8.704953824089058934e-01 7.120320930249275648e-02
1.061882765558304527e+03 8.259529337402170546e-01 6.906187306597705300e-02
1.062126913352002248e+03 8.990267798356811335e-01 8.070648546203265661e-02
1.062371876784209235e+03 8.818190931452684067e-01 7.676431913705707155e-02
1.062616296457410044e+03 9.104706728515509218e-01 8.091191795140853515e-02
1.062860716130610854e+03 9.751582406599497155e-01 8.991953111376088659e-02
1.063105951442320702e+03 9.250069298353186253e-01 8.165128545338325161e-02
1.063350371115521511e+03 9.077709106403913930e-01 7.830830545274285182e-02
1.063595606427231360e+03 9.349582369210239774e-01 8.603896399354224456e-02
1.063840297979935258e+03 9.217738663216801243e-01 8.482578736388668439e-02
1.064085533291645106e+03 8.242638038377775311e-01 7.209309928243184951e-02
1.064330496723851866e+03 9.394275584200564300e-01 9.023705025343158048e-02
1.064575188276555764e+03 8.752053696981594300e-01 7.550859825857746122e-02
1.064820695467768701e+03 9.581680089194430927e-01 8.290080829797245865e-02
1.065065658899975460e+03 1.018159949718658197e+00 8.692669867725184851e-02
1.065311437970691486e+03 9.510030837195319053e-01 7.731404329120179775e-02
1.065556401402898246e+03 1.005838389685235645e+00 8.184330318572262397e-02
1.065802180473614044e+03 9.691492125164519189e-01 7.608957142044396604e-02
1.066047415785323892e+03 1.063828580051412231e+00 8.716451142401419883e-02
1.066292651097033740e+03 1.107755936576269251e+00 9.267988110518127209e-02
1.066538430167749539e+03 1.031547921656513100e+00 8.254354296310557892e-02
1.066783665479459387e+03 9.452298255661483184e-01 7.277291215006884140e-02
1.067029716429678274e+03 9.464401848478152246e-01 7.369062683406576997e-02
1.067275223620891211e+03 9.623017656853065649e-01 7.840995949861455372e-02
1.067521274571110098e+03 1.066474088911168128e+00 9.467648245902623994e-02
1.067767053641825896e+03 1.118322169365633778e+00 1.008909395456618480e-01
1.068012560833038833e+03 1.080121206737084671e+00 9.644181437493325182e-02
1.068258883662760582e+03 1.172154986530297816e+00 1.071191291911248733e-01
1.068504662733476380e+03 1.273589466964799355e+00 1.233409357797352335e-01
1.068750985563198356e+03 9.029776839767357233e-01 6.829282645486367542e-02
1.068996764633914154e+03 1.038369290549875146e+00 8.477618776490424002e-02
1.069243359343139218e+03 1.008625432580813941e+00 7.909150590851768414e-02
1.069489410293357878e+03 9.700877995850401003e-01 7.406354700804104740e-02
1.069735461243576765e+03 1.073158746172798939e+00 9.191214697966475222e-02
1.069982055952801829e+03 9.950306795699546125e-01 8.210746129442897390e-02
1.070228106903020489e+03 9.610199425011196617e-01 7.872459157017501485e-02
1.070474973491748415e+03 1.029959892342288130e+00 9.226049051388558742e-02
1.070721296321470163e+03 8.869374993827363607e-01 7.298758587304771117e-02
1.070968162910198089e+03 9.276510679956384564e-01 7.809914620076155445e-02
1.071214485739920065e+03 1.125828425931011401e+00 1.054078925048678866e-01
1.071461080449144902e+03 1.039992738804477623e+00 8.803973143125067014e-02
1.071707947037872827e+03 1.049010645578262180e+00 8.654963285328598488e-02
1.071954541747097664e+03 1.014925719414081939e+00 8.297007796301908433e-02
1.072201680215328452e+03 8.935097413395493016e-01 6.841047165756398984e-02
1.072448546804056377e+03 9.475005094851021159e-01 7.347271805343257023e-02
1.072695685272287164e+03 1.095128180845898802e+00 9.219919054433407812e-02
1.072942551861015090e+03 1.031675386295173968e+00 8.075607697425928044e-02
1.073189418449743016e+03 1.154140064132194166e+00 9.483074699503904470e-02
1.073436828797476892e+03 1.039622580508830607e+00 7.951739184881721767e-02
1.073683695386204818e+03 1.036082266429476428e+00 7.920054063589726523e-02
1.073931377613441782e+03 1.051199173719036484e+00 8.159666550727008583e-02
1.074178516081672569e+03 9.993365409057282100e-01 7.643115490925904421e-02
1.074426198308909534e+03 1.026698584886492904e+00 8.319262859104871455e-02
1.074673336777140321e+03 8.889226572598898368e-01 6.597484301799109996e-02
1.074920475245371108e+03 8.821083497471036150e-01 6.530484832860218580e-02
1.075168429352111161e+03 8.889348319233704165e-01 6.605068526897141246e-02
1.075415839699845037e+03 1.011993334099653419e+00 8.025113439315681441e-02
1.075663793806584863e+03 1.183567580355830762e+00 1.070333601776731897e-01
1.075911204154318739e+03 1.121473699961553772e+00 9.751086336803384269e-02
1.076159158261058565e+03 1.204174048936621944e+00 1.090951885485927225e-01
1.076406840488295529e+03 9.784498510971733065e-01 7.472806095239177548e-02
1.076655066474538444e+03 8.603928181606128600e-01 5.841040948875374228e-02
1.076902748701775408e+03 9.674026253152351318e-01 6.724587527052813818e-02
1.077150430929012373e+03 1.098524069923611846e+00 8.027744651029242173e-02
1.077398928794758149e+03 1.019380686676719217e+00 6.975817414237749092e-02
1.077646611021995113e+03 1.192540920617206845e+00 8.894514491723211347e-02
1.077895108887740889e+03 1.068896345458465236e+00 7.730901349774313425e-02
1.078143334873983804e+03 1.008367088323125493e+00 7.105385423541164813e-02
1.078391832739729807e+03 9.736530756684297350e-01 6.703935506349455176e-02
1.078639786846469633e+03 8.873122020485368910e-01 6.022622395810234980e-02
1.078888012832712548e+03 9.934995985022687659e-01 7.355004373146392660e-02
1.079136782577961412e+03 1.018365582179582507e+00 7.509504445000417250e-02
1.079385008564204327e+03 1.073310047188630323e+00 8.538585190790248802e-02
1.079634050188956280e+03 9.525040503836981198e-01 7.104490583444761365e-02
1.079882276175199195e+03 8.826999682031273498e-01 6.487596193449875204e-02
1.080131317799951148e+03 8.828424697795369536e-01 6.398204630078939414e-02
1.080379815665696924e+03 8.672604010355647874e-01 6.443624838697983859e-02
1.080628313531442927e+03 8.455333759217391609e-01 5.980961626444068757e-02
1.080877627035697742e+03 1.079984266053461095e+00 8.449908284797862101e-02
1.081126124901443518e+03 1.151980262505504671e+00 8.905734491669305142e-02
1.081375438405698560e+03 1.106709267658748885e+00 8.184406399842611424e-02
1.081624480030450513e+03 1.107248809226328401e+00 8.132474095081787535e-02
1.081873793534705328e+03 1.055158064877460777e+00 7.426825398687722513e-02
1.082122563279954420e+03 1.000404796821495745e+00 7.003614142478585547e-02
1.082371604904706146e+03 9.167432709682044045e-01 6.427556195829994823e-02
1.082621190288464049e+03 9.247062290452872091e-01 6.851384427068965555e-02
1.082870231913216003e+03 1.028239827747312818e+00 8.565665473035315169e-02
1.083119817296973906e+03 1.131135417675494192e+00 1.043698513167117814e-01
1.083369130801228721e+03 1.073151706221575408e+00 9.913970400108020053e-02
1.083618988064489713e+03 1.068167952658973130e+00 1.008911889937295914e-01
1.083868301568744755e+03 1.003326281315233492e+00 8.837726236100895694e-02
1.084117615072999570e+03 8.630003765195320975e-01 6.969565273100866709e-02
1.084367472336260562e+03 7.780988009246496695e-01 6.012096270898285855e-02
1.084617057720018465e+03 8.388532767159758707e-01 6.485214933296871986e-02
1.084867186862782319e+03 9.340891025569598716e-01 7.391271131473080291e-02
1.085116772246540222e+03 9.146953790496924475e-01 6.692002471698166310e-02
1.085366901389304303e+03 1.006778809251814177e+00 7.570464259323061995e-02
1.085616486773062206e+03 9.527625366656480299e-01 6.793984100072739118e-02
1.085866344036323198e+03 9.333578367580935842e-01 6.581367072967760079e-02
1.086116745058589913e+03 9.864797349828123840e-01 7.421406362807478341e-02
1.086366602321850905e+03 9.016625888419949053e-01 6.902613580988295472e-02
1.086617003344117848e+03 8.338033518194892801e-01 6.447087967812856202e-02
1.086867132486881928e+03 9.442061058250829086e-01 8.267424158657846189e-02
1.087117805388651732e+03 1.104991973786155990e+00 1.119565720587547136e-01
1.087367934531415585e+03 1.138960154040939088e+00 1.174892423814055814e-01
1.087617791794676577e+03 1.065302256216751786e+00 1.004248624047641425e-01
1.087868736575949470e+03 9.711778935076763597e-01 8.279978477454059960e-02
1.088118865718713323e+03 8.442710920797660279e-01 6.496143442372377674e-02
1.088369810499986215e+03 8.360888409348190553e-01 6.008043581986249188e-02
1.088620211522253385e+03 9.593873433344409785e-01 7.330500957848647137e-02
1.088871428183029366e+03 9.591062000274785948e-01 7.400656663689142434e-02
1.089121829205296081e+03 9.261984629385091594e-01 6.873938916601589344e-02
1.089372502107066111e+03 1.116519490283312210e+00 9.333909865740346035e-02
1.089623718767842092e+03 9.512003279044869419e-01 7.241016122138392574e-02
1.089874391669611896e+03 9.081410951538406717e-01 6.955440370343167478e-02
1.090125608330387877e+03 9.062169194656048976e-01 6.565800092043404257e-02
1.090376281232157908e+03 1.012243932208531927e+00 7.975881654042851765e-02
1.090627769772436750e+03 1.055410507791321617e+00 8.586754307836047539e-02
1.090878714553709642e+03 8.290197068719620255e-01 5.639919931896175687e-02
1.091129659334982762e+03 1.004626098116086830e+00 7.783887062032789073e-02
1.091381147875261604e+03 9.586145531148275722e-01 7.075989138330598949e-02
1.091632364536037585e+03 9.681763627077345502e-01 7.181141747568173250e-02
1.091884124955819516e+03 1.048832383009622005e+00 8.379905757195470206e-02
1.092135341616595497e+03 1.064300473834770333e+00 8.545653370949400640e-02
1.092387102036377428e+03 9.311197106199819995e-01 6.809347976775508016e-02
1.092638318697153409e+03 9.336757276270579720e-01 6.932276048805628699e-02
1.092889807237432251e+03 9.166382486268154217e-01 6.689321659020681932e-02
1.093141839536717271e+03 1.039888251464375912e+00 7.886696169533261025e-02
1.093393328076996340e+03 1.191601836820675553e+00 1.010687962545580437e-01
1.093645360376281133e+03 1.145479993833387944e+00 9.196008741997675762e-02
1.093896848916560202e+03 8.967928421356351487e-01 6.048594390921118585e-02
1.094149153095348083e+03 1.024443726820171152e+00 7.945131277656108937e-02
1.094400913515130014e+03 9.304193231432468236e-01 6.629276248805947291e-02
1.094652673934911945e+03 8.324123653553539004e-01 5.544654104918644855e-02
1.094904978113700054e+03 8.260845432969288193e-01 5.596472906817661491e-02
1.095157010412985073e+03 9.250828382349135515e-01 6.756390032750765606e-02
1.095409586471275816e+03 9.127159736996709460e-01 6.513916340075555367e-02
1.095661618770560835e+03 1.008370879292901590e+00 7.522302952938259013e-02
1.095914194828851805e+03 9.684361793466482737e-01 7.008630150094843914e-02
1.096166227128136825e+03 8.331140019568853416e-01 5.474988625794706409e-02
1.096419075065930656e+03 8.467386642125186436e-01 5.713390648226692597e-02
1.096671379244718764e+03 1.081151436975502866e+00 8.256732176380050803e-02
1.096923683423506645e+03 1.199324514769615435e+00 9.760491801535174650e-02
1.097176531361300704e+03 1.270262204911797310e+00 1.086832213811706888e-01
1.097428835540088585e+03 1.073835411138009954e+00 8.384830270170071098e-02
1.097681955357385505e+03 1.105735046652106535e+00 8.758400755970592588e-02
1.097934531415676474e+03 1.135128027664536798e+00 9.027797704129093825e-02
1.098187651232973622e+03 1.035800870665473994e+00 7.528711354223625862e-02
1.098440499170767453e+03 1.084677940198418788e+00 7.921518107005359743e-02
1.098693075229058422e+03 1.153249203861752337e+00 8.816886423685714458e-02
1.098946466925858431e+03 1.058897823115435344e+00 7.747269063902309516e-02
1.099199314863652489e+03 1.024524316831861626e+00 7.405225787734813492e-02
1.099452706560452270e+03 1.049447116470800578e+00 7.673417153593489748e-02
1.099705554498246329e+03 1.055230951990119959e+00 7.907537777631831744e-02
1.099959218074549426e+03 1.081880824984575939e+00 8.801281693027343533e-02
1.100212337891846346e+03 1.186121569402833975e+00 1.126639044165211739e-01
1.100465457709143266e+03 1.188210978290729303e+00 1.193566668308024548e-01
1.100719121285446136e+03 1.078506339037048178e+00 1.012978791371427212e-01
1.100972241102743283e+03 9.865185388632309316e-01 8.226982401212376561e-02
1.101226176558549241e+03 1.008027111841241830e+00 7.685377255548106468e-02
1.101479568255349250e+03 1.083973772960480808e+00 8.149605765604958640e-02
1.101733503711155208e+03 1.067533303334827988e+00 7.756485223898069992e-02
1.101987167287458078e+03 1.094176389503301428e+00 7.943767757766158344e-02
1.102240558984258087e+03 1.116069546539434798e+00 8.088428215127729803e-02
1.102494766319567134e+03 1.018228703489599596e+00 7.277504638494909639e-02
1.102748429895870004e+03 9.872501161578107753e-01 6.916944818576076237e-02
1.103002637231179051e+03 1.161281994638504456e+00 8.966289993198880981e-02
1.103256300807482148e+03 1.138551660496446516e+00 8.596694629671526588e-02
1.103510780022294057e+03 1.233414119122264063e+00 9.931078872560890336e-02
1.103764715478100015e+03 1.297883146551072731e+00 1.087276866873763820e-01
1.104018650933905974e+03 1.080837586295975372e+00 8.448555741299459965e-02
1.104273130148718110e+03 8.896050974417613055e-01 6.766939390521295450e-02
1.104527065604524068e+03 1.002305245202690598e+00 8.430588738405211946e-02
1.104781816698839066e+03 1.148779322644229772e+00 1.093716733563048771e-01
1.105036024034148113e+03 1.230586782444988092e+00 1.243259148101750894e-01
1.105290775128462883e+03 1.229570879900149905e+00 1.237249455438372975e-01
1.105544982463771930e+03 1.086962133983402135e+00 9.517591763923852199e-02
1.105799461678584066e+03 9.166691682481179493e-01 6.802817066048419403e-02
1.106054484652401925e+03 9.120987364906358863e-01 6.216508495230899795e-02
1.106308963867213834e+03 1.067160227694641472e+00 7.783496801053581271e-02
1.106563986841031920e+03 9.433752475738311771e-01 6.392302298043890663e-02
1.106818466055844056e+03 1.111734948406804424e+00 8.176229071823770678e-02
1.107073760909165003e+03 1.098509363924750515e+00 8.094305723986996992e-02
1.107328512003480000e+03 8.665308752265236114e-01 5.487683137207665512e-02
1.107583263097794998e+03 1.018800638451949236e+00 7.169958105208970589e-02
1.107838557951115945e+03 1.009459545111704104e+00 7.111210362128160545e-02
1.108093580924934031e+03 1.208433953955476925e+00 1.026468431351891808e-01
1.108348875778254978e+03 1.214094685230613813e+00 1.086308178326875623e-01
1.108603898752073064e+03 1.043689926942992452e+00 8.611568041637643334e-02
1.108859737364399962e+03 9.166261001734830050e-01 7.263410289558315525e-02
1.109114760338218048e+03 8.923970021495059024e-01 7.140400776259980820e-02
1.109369783312036134e+03 1.006563990560780164e+00 8.646295778341044069e-02
1.109625621924363031e+03 9.198671586198411410e-01 7.478811581116465157e-02
1.109880916777684206e+03 8.682893149260726418e-01 6.711083979541473954e-02
1.110136755390011103e+03 8.614930308902234435e-01 6.272536842860118589e-02
1.110392322122835139e+03 8.754514105906059385e-01 6.002266476766898728e-02
1.110648432614665126e+03 9.663064608419190682e-01 6.884475873131885859e-02
1.110903727467986073e+03 9.299226128001465419e-01 6.414237442730960637e-02
1.111159294200810109e+03 9.178593413740169238e-01 6.322612029394716893e-02
1.111415676572143184e+03 8.965671008793294483e-01 6.154935926931150159e-02
1.111671243304967220e+03 9.372136309631163842e-01 6.575547089466486639e-02
1.111927625676300295e+03 1.006369098067373180e+00 7.404378002440731299e-02
1.112183464288627192e+03 1.005039129880194393e+00 7.460343809271806348e-02
1.112439846659960267e+03 1.058131992047204761e+00 8.279799022782144413e-02
1.112695685272287392e+03 9.619471795314075147e-01 7.245049249134247193e-02
1.112951795764117151e+03 9.238851427204545219e-01 6.786674583338130062e-02
1.113208450014953314e+03 9.601866313478130133e-01 7.206141698867615797e-02
1.113464560506783300e+03 1.005495870052663054e+00 7.842230266615769774e-02
1.113720942878116375e+03 1.072417093026810209e+00 8.479559956968903134e-02
1.113977597128952311e+03 1.192608229927408114e+00 9.845423493327580544e-02
1.114234523259291336e+03 1.063547425144883540e+00 8.187679898467731254e-02
1.114490633751121322e+03 8.703763774438164624e-01 6.110994817737001872e-02
1.114747016122454397e+03 9.366204075925965711e-01 6.934593861373125612e-02
1.115004214132296511e+03 1.196392410013728869e+00 1.070836867692877420e-01
1.115260596503629586e+03 1.082849320737674592e+00 8.940537705118647982e-02
1.115517794513471472e+03 1.313306522182575931e+00 1.246198675440086112e-01
1.115774448764307635e+03 1.186555997677109398e+00 1.028850961298947569e-01
1.116031374894646660e+03 8.386403999245729546e-01 5.791873557366668951e-02
1.116288572904488774e+03 7.817323715952712027e-01 5.146386643364619234e-02
1.116546042793833749e+03 8.641472675355688082e-01 5.928424813288754591e-02
1.116802697044669912e+03 8.262388533443646432e-01 5.442348419656958119e-02
1.117059623175008937e+03 8.578156789641500080e-01 5.654995773527515118e-02
1.117317093064353912e+03 7.920855547439700217e-01 5.301222084481250346e-02
1.117574291074196026e+03 7.119541072436684770e-01 4.920678050972641937e-02
1.117832032843043862e+03 7.394678826218566980e-01 5.502560317308125698e-02
1.118089230852885976e+03 8.979430075457344174e-01 8.099823937390535078e-02
1.118346972621734039e+03 1.413462580887727471e+00 1.803485886241738279e-01
1.118603898752073064e+03 1.113798162225247079e+00 1.131099089244247125e-01
1.118861640520921128e+03 8.031473502351539340e-01 6.317619388446298057e-02
1.119119654169272280e+03 7.005754880250690819e-01 4.912989692558050042e-02
1.119377124058617028e+03 7.773808395646403246e-01 5.001378591339216556e-02
1.119635137706968180e+03 8.436006328720746517e-01 5.457403197250403071e-02
1.119892879475816471e+03 8.367275975225217932e-01 5.367657358240224275e-02
1.120150893124167396e+03 8.901428981134021923e-01 5.906510667349362115e-02
1.120408634893015460e+03 8.779207411941181149e-01 5.838659606202332986e-02
1.120666376661863296e+03 8.365326602903970787e-01 5.620719506688059974e-02
1.120924934069220399e+03 8.190788252520362356e-01 5.670148411049284742e-02
1.121182675838068462e+03 8.448537463170701090e-01 6.245634506047880591e-02
1.121441233245425565e+03 9.384501236411842973e-01 7.645177628967415873e-02
1.121699246893776490e+03 8.606150610512142141e-01 7.132640631740341797e-02
1.121957804301133592e+03 7.459718036307512179e-01 6.447264408774855404e-02
1.122216089828987606e+03 8.523908879290827967e-01 9.176476514323285427e-02
1.122474103477338758e+03 1.267828317520089509e+00 1.909024558819939488e-01
1.122732932764198949e+03 1.391611764681511820e+00 2.603302825406573762e-01
1.122991490171556052e+03 9.727967488990326705e-01 1.506968012090949549e-01
1.123250319458415788e+03 7.316506416427035475e-01 8.987544198657085315e-02
1.123508333106767168e+03 9.653069189506432446e-01 1.267938233630772904e-01
1.123767706152633082e+03 1.291862053032934554e+00 1.818399258522839790e-01
1.124026263559990184e+03 9.799695865375868120e-01 9.726938393278557193e-02
1.124284820967347287e+03 7.698962188414166796e-01 5.917664448411736472e-02
1.124544194013213200e+03 8.251407731142348378e-01 6.018958313367886448e-02
1.124802751420570303e+03 7.244643675799316007e-01 4.802442832035694331e-02
1.125062124466436444e+03 9.043595299152177303e-01 6.656281295624597028e-02
1.125320953753296408e+03 8.941264435185479753e-01 6.430583768020400881e-02
1.125580598678665410e+03 8.895778061726488106e-01 6.138064115982903857e-02
1.125839427965525601e+03 1.062976534211746316e+00 7.887801168926140971e-02
1.126098529131888881e+03 1.021546578918960613e+00 7.023364202609931606e-02
1.126357902177754795e+03 1.038118471602402337e+00 7.092888235790786866e-02
1.126617275223620709e+03 1.000231829138321427e+00 6.483223521420015956e-02
1.126877192028492800e+03 1.069959422241192781e+00 7.377348550092363566e-02
1.127136293194856080e+03 1.069903908873698128e+00 7.436772093387311600e-02
1.127396209999728171e+03 9.957679768007385857e-01 6.802925852033990528e-02
1.127655583045594085e+03 1.020365113313202565e+00 6.861513325661794394e-02
1.127914956091460226e+03 9.061458487631353087e-01 5.732366781364962166e-02
1.128175144775835406e+03 9.826082208267491458e-01 6.514208337066862420e-02
1.128434517821701320e+03 1.002217756237510971e+00 6.655774542473126554e-02
1.128694978385579589e+03 9.447158689486339078e-01 6.260758187724983770e-02
1.128954351431445502e+03 9.315317723610002654e-01 6.315482135769270866e-02
1.129214811995323544e+03 9.131116451837919534e-01 6.133400000110005718e-02
1.129474456920692546e+03 1.052563015367612431e+00 7.712092592049304973e-02
1.129734373725564637e+03 9.342265227368590219e-01 6.388147029267658705e-02
1.129994834289442906e+03 9.392777851160997171e-01 6.600985387873743726e-02
1.130254751094314770e+03 1.051098315560258234e+00 7.869287345604195072e-02
1.130515483537696127e+03 1.084376369839030962e+00 8.200074979780563877e-02
1.130775400342567991e+03 9.421850735056185311e-01 6.621921677571730724e-02
1.131036404665452210e+03 9.193956304553105863e-01 6.426380346959909007e-02
1.131296593349827390e+03 8.559920214692267049e-01 5.805882991346229122e-02
1.131556782034202570e+03 8.805381822771563005e-01 6.364906884575212420e-02
1.131817514477583472e+03 9.344609055397115061e-01 7.399543093626245738e-02
1.132077975041461514e+03 1.054471565596047267e+00 9.775856173542654681e-02
1.132338707484842644e+03 1.700997706035759283e+00 2.365039679332597844e-01
1.132599439928223774e+03 1.073933788891139329e+00 1.043725277433110721e-01
1.132860716130610854e+03 1.046123247167282111e+00 9.510291829861623747e-02
1.133121448573991984e+03 9.495226833664952570e-01 7.484520756029335031e-02
1.133382181017373114e+03 9.095949243321859168e-01 6.414359252328846739e-02
1.133643457219760194e+03 9.692954249223380003e-01 6.784793838478450634e-02
1.133904189663141324e+03 1.062103797294950747e+00 7.636431978654457942e-02
1.134165737745031265e+03 1.131909312155123137e+00 8.461524668534887994e-02
1.134426742067915484e+03 1.021706386610733430e+00 7.296215815052699283e-02
1.134688290149805653e+03 8.997595947003171890e-01 6.345122686671246515e-02
1.134949294472689644e+03 8.217593468498893827e-01 6.214868026805635270e-02
1.135210298795573863e+03 8.636670665675363345e-01 7.835711583517082635e-02
1.135472118756966893e+03 1.231235877863930961e+00 1.663385343929680571e-01
1.135733394959353973e+03 3.015645043789015656e+00 9.356065744951989060e-01
1.135995214920747003e+03 2.010236553026383266e+00 4.162613289555324170e-01
1.136256491123134310e+03 9.185651286198898147e-01 9.718695114348224751e-02
1.136518582964030429e+03 7.490948723657173680e-01 6.157211842820294739e-02
1.136780131045920371e+03 7.927350595065948413e-01 5.753987120622859608e-02
1.137042222886816489e+03 8.318835432144564557e-01 5.771172707570301763e-02
1.137303770968706658e+03 9.158789611237559969e-01 6.568226295043275154e-02
1.137565590930099688e+03 8.907218822372416911e-01 6.273563376200057273e-02
1.137827682770995807e+03 1.009356821567608753e+00 7.790866118022798936e-02
1.138089502732388837e+03 1.030961562438310164e+00 7.820533219302534811e-02
1.138351866452788045e+03 8.933910866119642025e-01 6.208705652160308869e-02
1.138613958293684163e+03 9.159598302542227843e-01 6.589754893407272218e-02
1.138876322014083371e+03 7.237370356819147199e-01 4.820804447757554706e-02
1.139138413854979262e+03 8.386456887453829223e-01 6.173786627156861717e-02
1.139400505695875381e+03 1.095804017710281908e+00 9.642534818115330864e-02
1.139663141295777677e+03 1.217136475217024838e+00 1.152824781630288203e-01
1.139925233136673796e+03 9.883664490586836493e-01 8.405271184102693083e-02
1.140188140616078726e+03 8.178340170523353825e-01 6.085956656554912525e-02
1.140450504336477934e+03 8.618641867202617712e-01 6.520762842820629346e-02
1.140713411815883319e+03 7.739094844691147834e-01 5.531207285108552529e-02
1.140976047415785160e+03 6.776390894341824955e-01 4.755020329968579623e-02
1.141238411136184368e+03 6.597938907991502955e-01 5.004463169516207982e-02
1.141501590495092387e+03 7.409224130043225998e-01 6.917969389842039407e-02
1.141764226094994683e+03 1.069361456933536569e+00 1.412052138246210620e-01
1.142027405453902702e+03 2.032782140993250053e+00 4.648251542552914173e-01
1.142290312933307860e+03 1.215855067082510566e+00 1.796271659364077067e-01
1.142553492292216106e+03 7.507103610905249136e-01 7.200827695286371455e-02
1.142816399771621263e+03 7.019841156401314120e-01 5.253467650570513292e-02
1.143079307251026194e+03 7.488503704032503094e-01 5.106684662633553112e-02
1.143343030368940390e+03 7.587290651731219970e-01 4.760924521843634682e-02
1.143605937848345548e+03 7.803334442620907252e-01 4.865014178126451927e-02
1.143869660966259744e+03 8.148914516832161947e-01 5.364471347712402444e-02
1.144132840325167763e+03 7.702964552918657448e-01 5.136209599047102115e-02
1.144396563443081959e+03 7.904196215238582512e-01 5.809459219213149866e-02
1.144660014681493067e+03 1.054628177026842417e+00 9.462690635487359947e-02
1.144923194040401313e+03 1.303305698871034757e+00 1.314888446154718060e-01
1.145187189037818371e+03 1.069433058660253844e+00 9.180210117193848829e-02
1.145450640276229706e+03 7.487700418510766509e-01 5.091449812035529765e-02
1.145714907153149625e+03 6.673241331860733094e-01 4.138101231968330934e-02
1.145978358391560960e+03 7.022476196359641598e-01 4.472161193420771258e-02
1.146242625268480879e+03 7.615011924397128151e-01 5.405818278538058325e-02
1.146506348386395075e+03 7.686496431760297954e-01 5.675263213570098247e-02
1.146770071504309271e+03 8.852029092236096686e-01 7.358052145333475458e-02
1.147034610260732507e+03 9.762320185541008000e-01 8.622555606972549802e-02
1.147298061499143614e+03 9.007562414233070136e-01 7.149189774385246443e-02
1.147563144014572572e+03 8.207668093527993314e-01 5.762618534322367508e-02
1.147826867132486768e+03 8.006210152228417920e-01 5.281272621583302934e-02
1.148091677768413092e+03 8.080121055335085511e-01 5.290687444705135384e-02
1.148355944645333238e+03 7.149562035168529617e-01 4.581625293533861387e-02
1.148619939642750069e+03 7.252058498389978292e-01 5.055934935678758901e-02
1.148884750278676393e+03 8.132599770625161817e-01 6.633417675788623458e-02
1.149149289035099628e+03 1.022691862457280276e+00 1.032116926756745379e-01
1.149414099671025724e+03 1.285445865225586903e+00 1.583980561115063135e-01
1.149678638427448959e+03 1.081514633635427547e+00 1.171208617413619368e-01
1.149943720942878144e+03 7.373265520724853195e-01 6.024852719649998606e-02
1.150208259699301152e+03 7.215491067191064367e-01 5.701834062485470339e-02
1.150472798455724387e+03 8.940660130914891424e-01 7.967298170127502799e-02
1.150738152850656434e+03 9.889164285502481944e-01 9.503091192630402917e-02
1.151002691607079669e+03 8.444290548408285302e-01 7.728052979919360077e-02
1.151268317881514804e+03 8.121804611310812216e-01 7.514403574952517595e-02
1.151533128517440900e+03 8.787710356920012122e-01 8.630608541697748493e-02
1.151798754791876036e+03 9.728637491064020537e-01 9.635683421188707964e-02
1.152063565427802359e+03 9.720064684775617803e-01 8.798056447811174186e-02
1.152328647943231545e+03 9.082369280146047608e-01 7.265737170723961247e-02
1.152594002338163591e+03 8.391425967091770133e-01 5.893281908299274896e-02
1.152859628612598726e+03 8.319075589789599601e-01 5.210621608590738224e-02
1.153125526766536950e+03 9.543075174289509244e-01 6.158060799565822502e-02
1.153390609281966135e+03 9.292692333954920558e-01 5.638139904276383979e-02
1.153656507435904359e+03 9.441300945715052073e-01 5.753762050543220763e-02
1.153922133710339494e+03 9.475858624505492100e-01 6.072818367339053586e-02
1.154187488105271541e+03 9.397822140428875315e-01 6.000136917226300132e-02
1.154453658138712854e+03 8.557999214045204361e-01 5.297645162655126999e-02
1.154719284413147989e+03 7.952178169444911182e-01 4.946353867955186751e-02
1.154985454446589301e+03 8.507439432124982437e-01 5.558571338252721317e-02
1.155251080721024437e+03 9.590679387054469318e-01 6.608056035489519309e-02
1.155517522633968611e+03 9.189647165491671155e-01 6.488191433659305785e-02
1.155783420787906834e+03 8.948397089838874274e-01 6.568234372353795592e-02
1.156049318941844831e+03 9.902456374744849077e-01 8.389944675139540675e-02
1.156315760854789232e+03 9.102960109312107084e-01 7.766062307427568090e-02
1.156581930888230318e+03 9.602606045284109992e-01 8.595541565448798493e-02
1.156848644680677580e+03 1.069674239285948847e+00 9.904119816337822457e-02
1.157114542834615804e+03 9.478606567852440046e-01 7.843157610153794757e-02
1.157381528506565928e+03 7.523311471479019463e-01 5.382709258459555945e-02
1.157647698540007241e+03 7.370084494338472458e-01 5.001984177618987865e-02
1.157914684211957365e+03 7.632197259085991004e-01 5.253494969642192453e-02
1.158181126124901311e+03 7.904505373741633756e-01 5.620824737629559475e-02
1.158447568037845713e+03 9.376548532888693277e-01 7.465522005358188329e-02
1.158714825589298698e+03 9.397316193875446810e-01 7.538309097009529558e-02
1.158981267502243099e+03 7.569874719966991350e-01 5.595312573043063897e-02
1.159248525053696312e+03 7.818106354561228377e-01 5.897660615306420107e-02
1.159514966966640259e+03 8.462646986599321464e-01 6.892959218252463216e-02
1.159782496397596560e+03 7.815429326607548077e-01 6.424906414788227049e-02
1.160049482069546684e+03 7.190058052389360910e-01 5.810660399193739306e-02
1.160316195861993947e+03 6.981332630317292898e-01 5.639768201079146948e-02
1.160583725292950248e+03 6.870633123538214537e-01 5.867216733845895954e-02
1.160850982844403234e+03 7.744784779845197420e-01 7.255406420200860573e-02
1.161118512275359535e+03 8.018528306618406543e-01 7.922551230248743581e-02
1.161385497947309659e+03 9.079115517666248580e-01 1.019639052732937146e-01
1.161653299257768822e+03 1.081090978900467237e+00 1.410014462022211867e-01
1.161920828688725123e+03 8.595833802537924395e-01 9.572568099162982735e-02
1.162188086240178336e+03 5.841360243075252034e-01 5.377701587427242275e-02
1.162455887550637499e+03 5.946001288294562315e-01 5.551603986260211093e-02
1.162723416981593800e+03 8.190126659592499303e-01 8.608061752405410383e-02
1.162991490171556052e+03 1.101434735877440563e+00 1.402303042108698494e-01
1.163259019602512126e+03 8.624990839753357008e-01 1.002909055442018221e-01
1.163527364671977239e+03 6.334005212094124815e-01 6.397944124329668636e-02
1.163794894102933540e+03 6.330616445872268017e-01 6.162266968688040469e-02
1.164062695413392703e+03 6.896594067663044392e-01 7.108680377938821071e-02
1.164331040482857816e+03 6.895243626423217531e-01 6.827097017756666997e-02
1.164599113672820067e+03 6.896289959303664174e-01 6.396685337063291732e-02
1.164867458742285407e+03 6.794586379992151315e-01 5.756885580626137922e-02
1.165135531932247432e+03 6.187918109006950163e-01 4.606464528459965069e-02
1.165404148881215860e+03 5.794177039159862375e-01 3.931705594484960486e-02
1.165671950191674796e+03 5.979940542631930755e-01 4.139964274423094115e-02
1.165940295261140136e+03 5.969694879859471781e-01 4.331443353607948576e-02
1.166209455969114515e+03 5.580369199157609872e-01 4.227918549010391963e-02
1.166477529159076767e+03 6.453159394460237230e-01 5.770853116103851627e-02
1.166746689867050918e+03 7.413930376320488902e-01 8.022055534441212277e-02
1.167014763057013170e+03 6.739757883427353047e-01 7.073782384728932726e-02
1.167284195644490183e+03 6.558083414602552397e-01 6.851090999658068781e-02
1.167552540713955523e+03 5.002494724590785813e-01 4.413265218841817827e-02
1.167821157662923724e+03 4.902965679035806712e-01 4.047320274513459964e-02
1.168090590250400965e+03 5.278942144171315798e-01 4.260206783358914256e-02
1.168359207199369166e+03 5.728465088794139071e-01 4.540032199298174587e-02
1.168628639786846406e+03 6.198879318396408600e-01 4.826386247201264190e-02
1.168897528615317697e+03 6.137334109726773068e-01 4.540739088386872013e-02
1.169166689323291848e+03 6.233384102586070341e-01 4.466558782499392699e-02
1.169436121910769089e+03 6.683004042492912689e-01 4.724401861042443196e-02
1.169705010739240379e+03 6.522282530532402811e-01 4.392937556215535666e-02
1.169974715206220480e+03 6.350618948673780739e-01 4.275565608242658244e-02
1.170243875914194859e+03 6.801180054204259973e-01 4.732703602809284343e-02
1.170513852260678050e+03 6.780515484833907758e-01 4.703976519156644054e-02
1.170783012968652201e+03 6.215974650579032534e-01 4.229570977204366589e-02
1.171052989315135392e+03 6.901785106495600397e-01 5.243898189118922915e-02
1.171322421902612632e+03 7.470466106344615387e-01 6.253966705566367523e-02
1.171591854490089872e+03 6.916422315960248923e-01 5.924564710129426315e-02
1.171862102716076151e+03 7.271294648097323954e-01 6.569237453630717705e-02
1.172131535303553392e+03 1.137689364873602393e+00 1.331695610132626606e-01
1.172401783529539671e+03 1.118812803241906906e+00 1.240199821017050064e-01
1.172671759876022861e+03 8.868867408756790915e-01 7.783917304607887444e-02
1.172942008102009140e+03 7.273034316549483735e-01 5.323828478041492396e-02
1.173211712568989242e+03 6.813320979608022965e-01 4.400779617921068976e-02
1.173481960794975748e+03 7.638880317783657281e-01 4.782442472355755841e-02
1.173752480900464889e+03 9.064893135503876431e-01 5.834174567225702129e-02
1.174022457246948079e+03 8.993353366096055179e-01 5.650048468284727538e-02
1.174292977352437447e+03 9.390337781977818876e-01 6.020959337387659510e-02
1.174563225578423499e+03 8.804682146348622451e-01 5.364622922088016499e-02
1.174834017563415955e+03 8.323683625999754865e-01 5.018901291859578090e-02
1.175104265789402007e+03 8.753752686172784347e-01 5.565259381241603742e-02
1.175374785894891374e+03 8.763098334382581900e-01 5.379099428852907039e-02
1.175645849759386692e+03 1.310830643947071605e+00 1.064712969325105063e-01
1.175916369864875833e+03 1.124515473336637372e+00 8.210811060122294447e-02
1.176187433729371151e+03 1.045059486391259673e+00 7.117528020426185098e-02
1.176457953834860291e+03 9.925647932801552331e-01 6.538898783250950142e-02
1.176729289578858470e+03 9.220649215375116281e-01 5.806539809979258115e-02
1.177000081563850699e+03 1.133467193814517548e+00 8.107698895826394303e-02
1.177270873548843156e+03 1.254568764272711023e+00 9.591066246069576695e-02
1.177542209292841562e+03 1.029950999672457401e+00 7.211344254574063306e-02
1.177813001277833564e+03 9.533319031989536674e-01 6.454372058601154372e-02
1.178084608901335059e+03 1.014774578951308515e+00 6.909302298278126309e-02
1.178355672765830150e+03 1.051566204281939809e+00 7.026686426174241773e-02
1.178627552268834279e+03 1.005172404063470193e+00 6.261912073668939038e-02
1.178898616133329597e+03 1.003306976899590586e+00 6.061985117087217295e-02
1.179170495636333953e+03 1.056646271311291185e+00 6.421203328364660790e-02
1.179441559500829271e+03 1.094600982278202794e+00 6.647225903507741895e-02
1.179713167124330539e+03 1.045548252766506092e+00 6.127204016848954854e-02
1.179985046627334668e+03 9.716951432289246959e-01 5.385128916444022196e-02
1.180256654250835936e+03 9.588711062660495443e-01 5.228463103443641014e-02
1.180528805633343381e+03 1.059381648705633117e+00 6.085266312504460096e-02
1.180800413256844422e+03 1.146734016272996870e+00 7.026658872776682385e-02
1.181072564639351867e+03 1.127760823519838640e+00 6.765024203907032962e-02
1.181344444142355997e+03 1.146003162276050036e+00 7.031501503820813959e-02
1.181616051765857264e+03 1.160013142752190252e+00 7.192128761011323812e-02
1.181888475027867571e+03 1.020421222963090457e+00 5.908795005653440929e-02
1.182160354530871928e+03 1.039673209344238236e+00 6.125404076659645564e-02
1.182433049672385096e+03 1.094773167996912155e+00 6.698248300590335658e-02
1.182704929175389452e+03 1.075113061560684091e+00 6.437392039723735526e-02
1.182977624316902620e+03 1.119922314878131209e+00 6.731991921429231196e-02
1.183249775699409838e+03 1.174489882446257072e+00 7.261526520433332632e-02
1.183522198961420372e+03 1.028977666482673747e+00 5.634528970136996190e-02
1.183795165982436629e+03 1.182282118429570872e+00 7.103787918438642102e-02
1.184067317364943847e+03 1.027608185827880938e+00 5.663569179579494572e-02
1.184340556265462965e+03 1.070985612314949043e+00 6.172722995988874639e-02
1.184612979527473271e+03 1.105342776359783619e+00 6.843707613602993678e-02
1.184885946548489528e+03 9.843867204147828120e-01 6.557226390743776945e-02
1.185158641690002923e+03 9.869854453324933274e-01 7.291543426116166293e-02
1.185431336831516319e+03 9.160444452537958027e-01 6.406699698181725355e-02
1.185704575732035664e+03 9.925726168442424724e-01 7.141010139584369476e-02
1.185977542753051921e+03 1.026283316247037503e+00 7.077356131039912179e-02
1.186250781653571266e+03 1.079991007521803770e+00 7.464552959942911958e-02
1.186523748674587523e+03 1.067166717381129670e+00 7.079357342886311022e-02
1.186797259454609502e+03 8.866522567261918564e-01 4.928978743959121223e-02
1.187070498355128848e+03 1.004624776666128705e+00 6.026386668607973396e-02
1.187343465376145105e+03 1.018607616854272369e+00 6.271261392574917215e-02
1.187617248035670627e+03 1.153084931536568547e+00 8.034370362204985849e-02
1.187890486936189973e+03 1.417671452181435754e+00 1.139305554119983410e-01
1.188164269595715041e+03 1.345618169638451489e+00 1.001757479555434871e-01
1.188437780375737475e+03 1.056719046060010214e+00 6.557314040501983909e-02
1.188711834914765632e+03 9.516035433812803923e-01 5.284623950904510092e-02
1.188985345694788066e+03 1.027148014164775525e+00 5.706060183695759597e-02
1.189258856474810273e+03 1.031857841053121616e+00 5.597081400014572439e-02
1.189532911013838429e+03 1.020739727999541380e+00 5.415842534824872462e-02
1.189806693673363952e+03 9.971866533941753374e-01 5.295344821272244401e-02
1.190081020091895198e+03 9.337314655096794480e-01 4.880848158737935427e-02
1.190354802751420493e+03 1.016279420086025453e+00 5.523061433506374490e-02
1.190629129169951739e+03 1.016467977601720474e+00 5.754167036865680956e-02
1.190903183708980350e+03 1.046479975989488276e+00 6.344148365186365324e-02
1.191177238248008507e+03 1.168825714555867812e+00 7.789024659092819158e-02
1.191451836546042841e+03 1.269915178084867424e+00 8.986969491054712378e-02
1.191725891085071225e+03 1.252499727250361961e+00 8.632692279323468665e-02
1.192000761262608194e+03 1.011186590310278799e+00 5.919329058074686983e-02
1.192275087681139667e+03 8.980747624870294432e-01 4.667844599307638398e-02
1.192549685979174001e+03 1.058547878524751296e+00 5.720723431322794622e-02
1.192824284277208335e+03 1.128311136589752239e+00 6.179110861664968701e-02
1.193098338816236719e+03 1.004137206645737468e+00 5.166302780788513405e-02
1.193373752752779865e+03 1.081910701220638371e+00 5.792545356129263218e-02
1.193648079171311110e+03 1.134018641144489470e+00 6.198958729341871865e-02
1.193923493107854483e+03 1.193294909784479163e+00 6.859309423501679104e-02
1.194198091405888817e+03 1.064303539963728618e+00 5.797200783470517205e-02
1.194473777221935279e+03 1.007920883107518817e+00 5.397479558019319112e-02
1.194748375519969613e+03 1.060877560504221107e+00 5.989100260061742259e-02
1.195023245697506809e+03 9.859378827407845325e-01 5.434754992521292211e-02
1.195298931513553271e+03 9.920505758159464671e-01 5.515748113103813993e-02
1.195573801691090239e+03 1.012447587040320229e+00 5.758417714768137435e-02
1.195849487507136701e+03 9.303340229712445675e-01 5.305904987300823911e-02
1.196124629564177212e+03 7.947088475536717711e-01 4.636865375455334615e-02
1.196400315380223219e+03 7.663202911890771851e-01 4.809604775738068189e-02
1.196675729316766819e+03 1.209206999616796230e+00 1.181474923091216517e-01
1.196950871373807104e+03 2.152973510449762262e+00 3.624972446412803584e-01
1.197227100948859288e+03 1.918232781933217224e+00 3.031329784702579966e-01
1.197502514885402661e+03 1.050922047353303856e+00 1.006637363005292440e-01
1.197778472580951984e+03 8.016337387663948766e-01 5.748253051110376738e-02
1.198053886517495357e+03 8.933927013571976161e-01 5.901974450805617944e-02
1.198330387972050630e+03 1.250039013752707762e+00 9.268301168994962091e-02
1.198606073788097092e+03 1.147352168903247760e+00 7.557308708585268320e-02
1.198881759604143326e+03 8.902045453533493635e-01 4.918881310043492910e-02
1.199158261058698599e+03 9.045885937075239802e-01 5.040639991074233328e-02
1.199434218754248150e+03 9.892026983901454074e-01 5.763757431425455685e-02
1.199710720208803423e+03 9.899872491859417201e-01 5.667651742027984829e-02
