# 	Wavelength	 Divided_Spectra	 Divided_Error
1.000176177917946688e+03 8.048588934968383679e-01 2.131918557477895104e-01
1.000406187977488344e+03 8.334807281694867065e-01 2.115432685187393358e-01
1.000637013675539038e+03 1.159278350594636686e+00 3.704340906453021387e-01
1.000867295614583554e+03 1.491773413206634036e+00 5.124496975283820976e-01
1.001097305674125209e+03 1.325976934596941881e+00 3.982717230706345757e-01
1.001328403251678765e+03 3.199532508755871252e+00 1.905313126432014892e+00
1.001558685190723509e+03 3.273446927767096781e+00 2.200865233260433040e+00
1.001789510888773975e+03 1.071252163793342538e+00 3.500073044685989565e-01
1.002020064707321694e+03 9.555094680136065888e-01 3.127348127507772468e-01
1.002251162284875363e+03 1.043861116378601572e+00 3.334995009221423112e-01
1.002481716103422968e+03 8.588116544211280567e-01 2.869395823008735746e-01
1.002712813680976524e+03 1.648019734369125855e+00 5.809356052731193820e-01
1.002943639379027218e+03 1.444091417485389828e+00 4.269442370131450448e-01
1.003174193197574823e+03 1.634008731945745474e+00 4.934671505872074149e-01
1.003405562654631467e+03 1.090011610889827898e+00 2.759411028587965276e-01
1.003636388352682047e+03 8.148715378833046863e-01 2.118983758711386889e-01
1.003867757809738691e+03 7.408823458669656636e-01 2.093096738058861372e-01
1.004098855387292247e+03 4.914912004809783297e-01 1.409675080879934372e-01
1.004330224844349004e+03 6.932767049763812750e-01 2.183426160603459121e-01
1.004561322421902560e+03 1.040448053241639359e+00 3.171939307285630005e-01
1.004792419999456115e+03 1.261548995818799757e+00 3.130493635558096455e-01
1.005024061336015848e+03 8.841744921577255889e-01 2.079204850691767359e-01
1.005255430793072378e+03 5.976560162085309269e-01 1.912011302296311166e-01
1.005487072129632111e+03 9.538101637137123001e-01 4.489161353740999116e-01
1.005718441586688641e+03 2.982034546526692309e-01 2.037329429946339310e-01
1.005950354802751349e+03 2.755178788783390620e-01 2.345188437943144799e-01
1.006181724259807993e+03 3.668903241581951691e-01 2.192284467559033057e-01
1.006413365596367612e+03 7.385817756634655007e-01 2.356025082073754662e-01
1.006645278812430320e+03 9.260789877536204084e-01 2.935951158017053864e-01
1.006876920148989825e+03 1.082219204218231479e+00 2.895666928247926375e-01
1.007109105244555622e+03 5.991142735490058158e-01 1.459916276250575184e-01
1.007340746581115241e+03 5.872616085907970129e-01 1.698842999015334476e-01
1.007573203556183785e+03 4.884369485890264762e-01 1.387761067295532891e-01
1.007804844892743404e+03 4.979915454100108940e-01 1.301288670816261039e-01
1.008036758108806112e+03 8.070114362273267394e-01 1.901446311265375944e-01
1.008269215083874769e+03 9.819277553792346014e-01 2.105365108651628403e-01
1.008501128299937363e+03 1.144076876560096601e+00 2.308631302847424793e-01
1.008733585275006021e+03 1.099656209700139886e+00 2.000692645383385371e-01
1.008965770370571818e+03 1.279637682846666680e+00 2.485296861137573088e-01
1.009198499225143337e+03 1.321408879761752031e+00 2.943700708018253676e-01
1.009430684320709020e+03 1.410875942995087895e+00 3.445945321362945402e-01
1.009662869416274702e+03 3.145059648923622664e+00 1.591098411725537343e+00
1.009895598270846222e+03 2.680407374419917499e+00 1.312515712385653455e+00
1.010128055245914879e+03 6.501107949871455460e+00 7.604091510735153214e+00
1.010360784100486626e+03 8.292061201582900942e-01 2.510153063897052061e-01
1.010593241075555284e+03 4.341786073537787782e-01 1.365331987095342314e-01
1.010826241809630005e+03 5.955092947281590554e-01 1.905650592687020417e-01
1.011058970664201524e+03 7.578471667672792567e-01 2.065095098534426299e-01
1.011291427639270182e+03 7.434332034947970236e-01 2.367012306204345218e-01
1.011524700252847879e+03 2.584344326204099485e+00 2.001460363082333771e+00
1.011757429107419512e+03 1.424249557267483368e+00 6.865587769990725286e-01
1.011990701720997208e+03 5.428066304804286535e-01 2.091305524601391741e-01
1.012223430575568955e+03 3.487025582114999245e-01 1.388598720273188369e-01
1.012456975068649513e+03 4.140803995790873215e-01 1.195767371083394509e-01
1.012689975802724234e+03 7.512559840656386489e-01 2.018991734123226633e-01
1.012922976536798842e+03 8.000600831028912285e-01 1.857784595106895531e-01
1.013156249150376425e+03 9.601628135477402459e-01 2.070827338998872391e-01
1.013389521763954122e+03 9.432427273245681532e-01 1.905267874047023302e-01
1.013623066257034793e+03 7.566083700248387167e-01 1.479812291673282265e-01
1.013856338870612490e+03 6.120193354202768665e-01 1.439348713620910158e-01
1.014090155243196250e+03 6.772095203276288222e-01 1.404630243960147962e-01
1.014323427856773833e+03 7.905086471299708206e-01 1.602559958604932722e-01
1.014556700470351529e+03 8.450911647856711451e-01 2.034915142292864354e-01
1.014790788722438151e+03 8.036543014685023634e-01 2.483466216438265095e-01
1.015024061336015848e+03 9.683257421598521208e-01 2.469530572487001752e-01
1.015258149588102469e+03 6.168037036058153788e-01 1.719377198668550211e-01
1.015491694081183141e+03 7.205724574023878448e-01 2.709395530592668688e-01
1.015726054212772851e+03 5.109168643657071573e-01 1.912835009252066010e-01
1.015959598705853523e+03 8.697933482691185825e-01 3.244539198544225123e-01
1.016193415078437170e+03 8.801508380889186967e-01 3.447498487421329361e-01
1.016427775210026880e+03 4.610936590329391960e-01 1.865730280160843579e-01
1.016661591582610527e+03 8.317576831082079680e-01 2.991291396371453803e-01
1.016895951714200237e+03 8.756969780579292317e-01 3.001016594005235238e-01
1.017129768086783884e+03 7.097321224926409489e-01 1.948483458054320883e-01
1.017364400097876569e+03 5.973715454515567957e-01 1.292213986144710169e-01
1.017598488349963304e+03 7.051179297028895565e-01 1.394724430212473387e-01
1.017832576602049926e+03 9.473461374753180397e-01 2.263410982280731343e-01
1.018067208613142611e+03 1.092154204007751428e+00 2.556731472363164004e-01
1.018301568744732322e+03 8.150167832783296040e-01 1.778663416636400429e-01
1.018536472635327982e+03 7.498215531480593166e-01 1.645460111300805772e-01
1.018770560887414604e+03 8.239985976330119755e-01 1.681227345453495670e-01
1.019005464778010264e+03 8.790394028970244245e-01 1.684547537284634966e-01
1.019240096789103063e+03 8.825373058055339115e-01 1.764918569759366951e-01
1.019474456920692660e+03 1.008246574851374033e+00 1.980104046256956352e-01
1.019709632690791409e+03 8.074058395166862079e-01 1.531008581033689309e-01
1.019944264701884094e+03 8.857785062022297540e-01 1.927558062026369368e-01
1.020179440471982844e+03 8.860250461544070255e-01 2.063298592888903882e-01
1.020414072483075415e+03 8.651273866135623658e-01 1.742351329702716556e-01
1.020649248253174164e+03 7.327833259024859602e-01 1.501243380395769489e-01
1.020884152143769938e+03 7.258772061271479004e-01 1.599859603412467357e-01
1.021119599793371549e+03 7.333618015082319364e-01 1.473775421462630852e-01
1.021354503683967209e+03 1.225732564882106468e+00 2.507151352752146067e-01
1.021589407574562870e+03 1.071117131721982974e+00 1.938060834928020948e-01
1.021825127103667569e+03 1.156335669087659390e+00 2.127362360173677136e-01
1.022060030994263343e+03 1.887483426667589059e+00 4.183284210421103766e-01
1.022295750523368042e+03 1.079092383285791490e+00 1.737009342864758443e-01
1.022530926293466678e+03 9.066647164979022566e-01 1.754995742648191304e-01
1.022766645822571490e+03 7.680011104857048521e-01 1.555178338882769462e-01
1.023002093472173101e+03 7.288173639793029679e-01 1.407850498449352006e-01
1.023237269242271736e+03 7.419767322198113080e-01 1.467574093187841155e-01
1.023473260650879411e+03 8.034082476997259636e-01 1.644029833022213338e-01
1.023708708300481135e+03 9.001835307978309775e-01 1.607152327318062124e-01
1.023944699709088809e+03 7.853308352312534657e-01 1.407774894013802403e-01
1.024180419238193508e+03 7.342941401582560035e-01 1.313233122218136206e-01
1.024416410646801296e+03 1.176437420791805799e+00 2.360648216227279605e-01
1.024652130175905995e+03 1.205881478645150384e+00 2.461456810896124892e-01
1.024887849705010694e+03 8.236468926602108498e-01 1.433893310320481784e-01
1.025124384872624432e+03 1.064969735056321642e+00 1.902184642863751496e-01
1.025360104401729131e+03 1.159932630978977031e+00 2.153324972313690189e-01
1.025596639569342869e+03 1.077101978017144690e+00 1.952204101942199288e-01
1.025832630977950430e+03 9.190409435519252268e-01 1.711891528708968657e-01
1.026068894266061307e+03 6.415745296483945648e-01 1.477915166796453239e-01
1.026305157554171956e+03 5.934671364528651960e-01 1.531933336725671002e-01
1.026541148962779744e+03 6.390956248801878958e-01 1.684808582703994084e-01
1.026777956009896343e+03 5.348506227747289454e-01 1.631974633845567901e-01
1.027013947418504131e+03 5.016750883201646083e-01 1.321265588268184521e-01
1.027251026345123819e+03 5.678709905023904270e-01 1.221367469171599218e-01
1.027487289633234468e+03 6.084224334759631425e-01 1.468683607498353916e-01
1.027724096680351295e+03 8.525621245792673886e-01 2.252984656751744197e-01
1.027960631847965033e+03 7.020889483178127666e-01 1.710339401078749266e-01
1.028197167015578543e+03 3.793628170159681900e-01 1.118360048339439305e-01
1.028434245942198459e+03 3.852828438916520160e-01 1.197337073371703975e-01
1.028670781109812197e+03 4.918324169557950487e-01 1.033385879626968207e-01
1.028908131915934746e+03 5.426039012759993341e-01 1.046322296464938517e-01
1.029144667083548484e+03 5.832467540855937882e-01 1.300687624572464396e-01
1.029382017889671260e+03 7.717590008466261864e-01 1.291807655346191297e-01
1.029618824936788087e+03 8.728674824765814133e-01 1.381771818197440882e-01
1.029855631983904686e+03 7.385290144028070491e-01 1.213190217968351109e-01
1.030093254669530552e+03 8.001376438703149407e-01 1.394330310240027293e-01
1.030330061716647151e+03 9.221232573216470163e-01 1.470562714462945730e-01
1.030567684402272789e+03 6.069847745962492214e-01 1.100685204139948969e-01
1.030804763328892477e+03 6.714018363957788837e-01 1.277795767234066460e-01
1.031042386014518343e+03 6.076693400396129263e-01 1.200673163975128910e-01
1.031279736820641119e+03 8.269753647078821324e-01 1.936634388767195791e-01
1.031516815747260807e+03 2.134825066023802620e+00 8.955555473987407700e-01
1.031754710312389534e+03 5.809015333437467454e+00 6.434606676334801101e+00
1.031992061118512311e+03 2.859777354338559618e+00 1.756564609165956581e+00
1.032230227563144126e+03 3.359027243668047280e+00 2.216210410191045366e+00
1.032467578369266676e+03 9.643535503330703529e-01 2.984611172597820827e-01
1.032705744813898491e+03 6.283933288193040978e-01 1.558356668833308922e-01
1.032943367499524129e+03 5.910174719601645199e-01 1.189188458148413285e-01
1.033180990185149994e+03 4.939347525025553631e-01 9.308416082180707984e-02
1.033419156629781583e+03 5.069722554111402157e-01 9.268911845893589019e-02
1.033656779315407448e+03 7.342189786896793358e-01 1.520921327838672954e-01
1.033895217639542125e+03 6.991360592459253676e-01 1.402333304435534611e-01
1.034133112204670851e+03 8.265598619365461808e-01 1.758135590354770739e-01
1.034371550528805528e+03 7.340487189856396144e-01 1.566073224115882290e-01
1.034609445093934255e+03 7.186371695386345460e-01 1.545790316492085259e-01
1.034847611538566071e+03 1.054892456702121617e+00 2.231659873747871836e-01
1.035086049862700747e+03 8.614867590088962634e-01 1.790712446338909858e-01
1.035324216307332563e+03 5.179880345929510632e-01 9.843693306848881608e-02
1.035562926510970328e+03 5.854752703682418735e-01 1.017574097368610375e-01
1.035801364835105005e+03 6.475707989715253632e-01 1.030850627870886632e-01
1.036040075038742771e+03 5.920272535653281487e-01 9.131677446736760628e-02
1.036278513362877447e+03 6.656633241890047570e-01 9.811545065910684538e-02
1.036516951687012352e+03 9.738210092962753528e-01 1.453024480427628218e-01
1.036755933770152978e+03 8.147461039262203775e-01 1.394870503829387376e-01
1.036994372094287655e+03 6.550552991586933160e-01 1.178391803635432389e-01
1.037233354177428510e+03 6.259707008085160229e-01 1.158746810975073566e-01
1.037472064381066275e+03 6.309069567786637078e-01 1.153624102172417509e-01
1.037711318343709991e+03 7.141278596734479400e-01 1.200587242375082825e-01
1.037950028547347756e+03 8.603770464689660669e-01 1.417294317216399591e-01
1.038188738750985522e+03 8.537000302182673472e-01 1.324115296597759284e-01
1.038428264593132326e+03 7.866420373017209977e-01 1.205065597110000636e-01
1.038667246676272953e+03 7.426795417500466900e-01 1.125293716026491697e-01
1.038906500638916896e+03 6.641550434237281086e-01 1.109568796387906675e-01
1.039145754601560611e+03 7.026839091099662538e-01 1.193551025138775562e-01
1.039385280443707416e+03 7.177254646048107922e-01 1.242782598224361629e-01
1.039624262526848042e+03 5.826760054812352152e-01 1.111655678062585945e-01
1.039864060248497935e+03 5.493665064864818870e-01 1.071339760780807698e-01
1.040103314211141424e+03 5.472385227877147873e-01 9.954032516606180214e-02
1.040342568173785367e+03 7.324830637008039602e-01 1.202726181069298794e-01
1.040582365895435032e+03 8.103031862324221457e-01 1.426737211557777274e-01
1.040821891737581836e+03 7.487403804298354837e-01 1.200376413884944871e-01
1.041061961338734591e+03 1.191501542364245658e+00 2.140870549978674264e-01
1.041301215301378534e+03 7.443914543438890918e-01 1.221699632441116123e-01
1.041541556782034149e+03 8.720387079559531740e-01 1.641711822206188276e-01
1.041781082624180954e+03 8.620603649914273525e-01 1.647731756553161286e-01
1.042020608466327758e+03 6.276819233390392716e-01 1.066567459497559101e-01
1.042260949946983374e+03 7.719711208680172243e-01 1.500164988684845879e-01
1.042500747668633267e+03 5.716113712142676384e-01 9.970375494361642665e-02
1.042741089149289110e+03 8.952516142680997380e-01 1.932406461884093596e-01
1.042981158750441637e+03 6.624652229219234467e-01 1.390406091523666565e-01
1.043221500231097480e+03 7.017097206570857004e-01 1.322381528591868860e-01
1.043461569832250234e+03 1.302066747879925490e+00 3.108792953091455424e-01
1.043701639433402988e+03 8.240732718034594617e-01 2.126190932076146012e-01
1.043942252793561920e+03 6.694023296086429875e-01 1.416741422759428826e-01
1.044182594274217763e+03 6.902164189955012352e-01 1.403526376806309428e-01
1.044423207634376467e+03 6.527736590123136562e-01 1.388760502352242576e-01
1.044663549115032083e+03 7.458259879763901035e-01 1.422074857014257732e-01
1.044904434354693876e+03 9.132919448671334983e-01 1.435135261506364224e-01
1.045144775835349719e+03 8.251668545775415753e-01 1.252865301112449092e-01
1.045385117316005562e+03 7.182246266693257386e-01 1.201901069346150291e-01
1.045626274435170217e+03 7.563871938940327500e-01 1.491521855307231248e-01
1.045866887795329149e+03 8.132680968743745131e-01 1.725284547785595757e-01
1.046108044914493803e+03 7.518565667171936973e-01 1.641764719252514215e-01
1.046348658274652507e+03 4.857549695304829163e-01 1.331703862290303519e-01
1.046590087273320478e+03 5.241332978382766683e-01 1.198449068954665908e-01
1.046830700633479182e+03 5.572545330658015272e-01 1.206595220911076682e-01
1.047071585873140975e+03 5.505751247033520146e-01 1.292558673461487173e-01
1.047313014871808718e+03 5.232730455783167756e-01 1.291888469263224037e-01
1.047553900111470512e+03 6.126860829509254147e-01 1.324194572595724095e-01
1.047795600989641343e+03 6.056462166641292111e-01 1.350603115774772767e-01
1.048036486229303136e+03 6.308665593513754777e-01 1.325229464235745669e-01
1.048278187107473968e+03 5.211041820194811658e-01 1.024508905111978091e-01
1.048519344226638850e+03 5.191046363973839117e-01 9.511171360751223547e-02
1.048760501345803505e+03 5.511119664241627136e-01 9.449178788774557913e-02
1.049002474103477198e+03 5.158508587444481375e-01 8.699732408786445270e-02
1.049243631222642080e+03 5.635894668450037726e-01 8.849121829214899593e-02
1.049485875859818861e+03 7.769838109953561833e-01 1.234699303375591251e-01
1.049727032978983743e+03 7.372636769067676399e-01 1.178052273259415500e-01
1.049969277616160525e+03 7.811433226761217430e-01 1.250784120553739831e-01
1.050210706614828268e+03 7.731450429842285921e-01 1.165423032099095202e-01
1.050452407492999100e+03 7.361993222411291615e-01 1.096523523847798276e-01
1.050694652130175882e+03 7.446353154864748802e-01 1.149941556061460785e-01
1.050936353008346714e+03 6.951489695599823992e-01 1.123481588221668243e-01
1.051178597645523496e+03 6.740753211676512313e-01 1.284479276855795549e-01
1.051420570403197189e+03 5.845001984634099479e-01 1.046870563316839031e-01
1.051662815040374198e+03 5.207770636597834901e-01 9.180659238254089416e-02
1.051904787798047892e+03 4.502953635922259390e-01 8.699233308815673693e-02
1.052146760555721585e+03 5.901537033957406919e-01 9.911273610833683245e-02
1.052389548951904544e+03 6.904174755668833763e-01 1.368168807297196476e-01
1.052631521709578237e+03 8.936507774997215492e-01 1.962016882704187559e-01
1.052874310105761197e+03 1.276288829384865764e+00 3.727098590859878602e-01
1.053116554742937751e+03 1.162081116409519943e+00 3.083970616460744441e-01
1.053359343139120710e+03 6.437727305795791777e-01 1.452855473759339100e-01
1.053601587776297492e+03 6.235088518146499892e-01 1.064341739990416341e-01
1.053844104292977363e+03 5.548188207384406878e-01 9.296922214520746131e-02
1.054087164568663184e+03 6.095021043814065065e-01 8.550605959427709513e-02
1.054329681085342827e+03 6.543083137181727738e-01 9.204268384522940050e-02
1.054572741361028875e+03 5.553649907419911935e-01 8.690116414672181822e-02
1.054815257877708518e+03 5.660283397331765665e-01 8.339818228128767497e-02
1.055058590032897428e+03 5.899979408102759004e-01 8.793092913332561933e-02
1.055301378429080160e+03 5.887777047855489165e-01 9.442394705250302389e-02
1.055543894945760030e+03 5.088569103893795242e-01 7.448378387059383099e-02
1.055787498980451801e+03 5.737967273969007964e-01 8.341772989229016833e-02
1.056030287376634533e+03 6.826352982101363542e-01 1.097653207003460446e-01
1.056273891411326531e+03 6.839222616797245857e-01 1.067353044861240052e-01
1.056516951687012352e+03 6.011510995757566311e-01 8.692373174731485297e-02
1.056760555721704122e+03 6.918671584043539768e-01 9.614940769029547973e-02
1.057003615997389943e+03 6.952131944951701614e-01 9.420933461587720215e-02
1.057246676273075764e+03 7.170106110610382499e-01 9.746029994657391671e-02
1.057490552187270623e+03 6.298039149864819164e-01 8.962942377596760934e-02
1.057733884342459305e+03 5.627766392498738668e-01 8.743514870714906573e-02
1.057977760256654165e+03 5.850924856709887045e-01 9.231143056656278267e-02
1.058221092411843074e+03 6.780116814338587039e-01 9.834573024000821395e-02
1.058465240205540795e+03 6.851132244711545249e-01 1.107036875762397177e-01
1.058708572360729704e+03 6.469123313935819519e-01 1.045661912524954024e-01
1.058952720154427652e+03 7.344044484332714617e-01 1.118324890516234904e-01
1.059196324189119423e+03 6.971184467674309548e-01 1.110521529236758453e-01
1.059439928223811194e+03 5.946446935974011305e-01 9.889105060548918080e-02
1.059684347897012003e+03 6.656519070159330198e-01 9.446800004076036372e-02
1.059927951931703774e+03 6.757339127220274300e-01 8.223308816697319501e-02
1.060172643484407672e+03 8.246997687261231613e-01 1.012070843827509170e-01
1.060416519398602532e+03 8.849143939386933111e-01 1.039202431261056631e-01
1.060660939071803341e+03 9.362566848123273777e-01 1.095650355140089932e-01
1.060905086865501062e+03 9.737455007620235969e-01 1.201570060798400480e-01
1.061148962779696149e+03 8.613618935806585108e-01 1.081745671561298999e-01
1.061393654332399819e+03 1.044560667820834121e+00 1.426253187937078504e-01
1.061637802126097768e+03 7.501735757487797418e-01 9.254971183713846250e-02
1.061882765558304527e+03 7.007524765672208389e-01 8.956476130073172393e-02
1.062126913352002248e+03 7.262626334140004358e-01 9.898580659274991422e-02
1.062371876784209235e+03 6.857281752692219179e-01 9.343539675494311192e-02
1.062616296457410044e+03 6.728574554600286195e-01 9.481101820684652293e-02
1.062860716130610854e+03 6.158763373458825408e-01 9.585099810944691656e-02
1.063105951442320702e+03 5.850268824619658803e-01 8.945247852423265922e-02
1.063350371115521511e+03 6.508276558233277997e-01 9.130734465102714748e-02
1.063595606427231360e+03 7.076109489035536937e-01 1.006643451926789168e-01
1.063840297979935258e+03 7.999869832567511052e-01 1.049566699017372706e-01
1.064085533291645106e+03 7.951739076839762221e-01 9.804038575499028629e-02
1.064330496723851866e+03 9.654470261063513581e-01 1.203799618527472415e-01
1.064575188276555764e+03 7.913460015576908591e-01 9.812982590708618780e-02
1.064820695467768701e+03 7.912150317653366960e-01 1.015649750954855379e-01
1.065065658899975460e+03 8.026280420879484678e-01 1.039590632101672629e-01
1.065311437970691486e+03 7.011813585086897893e-01 9.153428039691662021e-02
1.065556401402898246e+03 6.967101913114298606e-01 9.239362280484746115e-02
1.065802180473614044e+03 7.568971077354663679e-01 9.178269226169319395e-02
1.066047415785323892e+03 8.701448023615921956e-01 1.041681911618891621e-01
1.066292651097033740e+03 8.311305266964279514e-01 1.057272304036739191e-01
1.066538430167749539e+03 7.937297565406125077e-01 9.728802959269698680e-02
1.066783665479459387e+03 7.392948037154740693e-01 8.944108927855140556e-02
1.067029716429678274e+03 7.118521878871317821e-01 8.786316601275254157e-02
1.067275223620891211e+03 6.814870077835898377e-01 9.012813708332956253e-02
1.067521274571110098e+03 6.944977488476965499e-01 1.008572816663618754e-01
1.067767053641825896e+03 7.591413373871986892e-01 1.083508207824591119e-01
1.068012560833038833e+03 7.368118727883455898e-01 1.053148373327820742e-01
1.068258883662760582e+03 6.180560699834942717e-01 1.048712351915480623e-01
1.068504662733476380e+03 6.877988508127924616e-01 1.138624984128022849e-01
1.068750985563198356e+03 5.667914152945305872e-01 7.813973271686316946e-02
1.068996764633914154e+03 6.363444266346435230e-01 9.041363230166256371e-02
1.069243359343139218e+03 6.092110954103173714e-01 8.488632956809456787e-02
1.069489410293357878e+03 7.753711561813808606e-01 9.034105698976958865e-02
1.069735461243576765e+03 9.238116123863371332e-01 1.122550352904343879e-01
1.069982055952801829e+03 8.974069433287603648e-01 1.057829524821027600e-01
1.070228106903020489e+03 9.079591247568644663e-01 1.053608302270590408e-01
1.070474973491748415e+03 1.014940335956924899e+00 1.232001073646356998e-01
1.070721296321470163e+03 8.582410040419125030e-01 1.022117481484867418e-01
1.070968162910198089e+03 8.253323594422136145e-01 1.016239863248996622e-01
1.071214485739920065e+03 8.413307755409468180e-01 1.183132980283184421e-01
1.071461080449144902e+03 7.482872607041695101e-01 1.018060803837793071e-01
1.071707947037872827e+03 7.195611554275374022e-01 9.859673382086187043e-02
1.071954541747097664e+03 6.562449738670853572e-01 9.218299804044752244e-02
1.072201680215328452e+03 5.926597702191968020e-01 8.033241082136011180e-02
1.072448546804056377e+03 7.244819119923338047e-01 8.827041695727386172e-02
1.072695685272287164e+03 9.099440668120035713e-01 1.085899059965767660e-01
1.072942551861015090e+03 8.348643882332221766e-01 9.638902277627890702e-02
1.073189418449743016e+03 9.638530605978660182e-01 1.112698298811109349e-01
1.073436828797476892e+03 9.417570045248685462e-01 1.013957073049100016e-01
1.073683695386204818e+03 9.283054128614148803e-01 1.010276168634298838e-01
1.073931377613441782e+03 8.596136032963086482e-01 9.966365135511974505e-02
1.074178516081672569e+03 8.707552970686636140e-01 9.807804198033813481e-02
1.074426198308909534e+03 8.690764487570072916e-01 1.022141804770178575e-01
1.074673336777140321e+03 7.307417250139830456e-01 8.299141265119801270e-02
1.074920475245371108e+03 6.801014338870299270e-01 8.019500601830972797e-02
1.075168429352111161e+03 5.904746423158913071e-01 7.599600853725388405e-02
1.075415839699845037e+03 5.688190082926352087e-01 8.431998007984371768e-02
1.075663793806584863e+03 6.905984115187998595e-01 1.059409316830445397e-01
1.075911204154318739e+03 7.112102319520445803e-01 1.015826279394303755e-01
1.076159158261058565e+03 7.515392655211424744e-01 1.085502165234790567e-01
1.076406840488295529e+03 6.821027761866788053e-01 8.512198600425749384e-02
1.076655066474538444e+03 6.669204214028364719e-01 7.154695933660516760e-02
1.076902748701775408e+03 7.549900129869759891e-01 7.823440661182794187e-02
1.077150430929012373e+03 7.998078801736857590e-01 8.721040874207787452e-02
1.077398928794758149e+03 7.196125765764835869e-01 7.640601090608775681e-02
1.077646611021995113e+03 8.892594508058171421e-01 9.600414583985350525e-02
1.077895108887740889e+03 8.138074067401704914e-01 8.716750417708714338e-02
1.078143334873983804e+03 7.666600635713584078e-01 8.231299540419211025e-02
1.078391832739729807e+03 7.572028808555265611e-01 7.922601987915657562e-02
1.078639786846469633e+03 7.697498653868436458e-01 7.819407829292449041e-02
1.078888012832712548e+03 8.449696497804189965e-01 9.127386221147756884e-02
1.079136782577961412e+03 8.966744590958284356e-01 9.495074918710191825e-02
1.079385008564204327e+03 9.585725310430056600e-01 1.061265323082929701e-01
1.079634050188956280e+03 7.958221886541845258e-01 9.071300022438724686e-02
1.079882276175199195e+03 6.890998681303367457e-01 8.009661824623366677e-02
1.080131317799951148e+03 6.928959198910397133e-01 7.943853219501118001e-02
1.080379815665696924e+03 6.326123785361734697e-01 7.622045497776420986e-02
1.080628313531442927e+03 5.781381759101541506e-01 6.968038024180364665e-02
1.080877627035697742e+03 7.970694709062492445e-01 9.288444122915952283e-02
1.081126124901443518e+03 9.133704958061094059e-01 1.003588295330899438e-01
1.081375438405698560e+03 8.436499923873265194e-01 9.180220182416956587e-02
1.081624480030450513e+03 8.112216076617965177e-01 8.923654985717267840e-02
1.081873793534705328e+03 8.007625166429763741e-01 8.450993571992794495e-02
1.082122563279954420e+03 7.295201252205399944e-01 7.987829616132412214e-02
1.082371604904706146e+03 6.346599391033169724e-01 7.379273407604139412e-02
1.082621190288464049e+03 6.989433170831734765e-01 8.160224718216388395e-02
1.082870231913216003e+03 8.947595568406454536e-01 1.067911208865656714e-01
1.083119817296973906e+03 1.052112781128615504e+00 1.328009875491248382e-01
1.083369130801228721e+03 1.119408615881049007e+00 1.370280562473313313e-01
1.083618988064489713e+03 1.187889615209867911e+00 1.448461373887987569e-01
1.083868301568744755e+03 1.152611902026267066e+00 1.335561111678170987e-01
1.084117615072999570e+03 9.759247969983431137e-01 1.077752973969570566e-01
1.084367472336260562e+03 8.593266225463548347e-01 9.362829084249323086e-02
1.084617057720018465e+03 8.672745593826242105e-01 9.633863405066717123e-02
1.084867186862782319e+03 9.308297058077027453e-01 1.048649967609877331e-01
1.085116772246540222e+03 8.379833261284433954e-01 9.199083182081391197e-02
1.085366901389304303e+03 8.595410541446881769e-01 9.657010492061782192e-02
1.085616486773062206e+03 8.111220570090311721e-01 8.719739568136751495e-02
1.085866344036323198e+03 7.825364207101053182e-01 8.353590028844090631e-02
1.086116745058589913e+03 8.038850995272559530e-01 9.186639373084486138e-02
1.086366602321850905e+03 7.989016075206820666e-01 9.196395200330070852e-02
1.086617003344117848e+03 7.981106507628766833e-01 9.208990845256147251e-02
1.086867132486881928e+03 8.667858214190242716e-01 1.125160894147551605e-01
1.087117805388651732e+03 9.279607796733815306e-01 1.397486749826660768e-01
1.087367934531415585e+03 9.936625423754747999e-01 1.464800114692943467e-01
1.087617791794676577e+03 8.869760701150817273e-01 1.237149380922253489e-01
1.087868736575949470e+03 7.100013291298826745e-01 9.897886597840824252e-02
1.088118865718713323e+03 6.321732018180663548e-01 8.118546194414880124e-02
1.088369810499986215e+03 6.808454566072709158e-01 7.827724115737598465e-02
1.088620211522253385e+03 8.451061914272099962e-01 9.526752767775760466e-02
1.088871428183029366e+03 9.349424639088343980e-01 1.022364309966361240e-01
1.089121829205296081e+03 9.698579790834299663e-01 1.001710997961216126e-01
1.089372502107066111e+03 1.108484494804983012e+00 1.229704211024299221e-01
1.089623718767842092e+03 9.601740318751641468e-01 1.005867610059570094e-01
1.089874391669611896e+03 8.355920387048437759e-01 9.123448440774128976e-02
1.090125608330387877e+03 6.494428807320384855e-01 7.762174812849799432e-02
1.090376281232157908e+03 6.463191553603294670e-01 8.557529877913024052e-02
1.090627769772436750e+03 6.525633935297129318e-01 8.840751340697981797e-02
1.090878714553709642e+03 4.276602365585255860e-01 6.117466754674671242e-02
1.091129659334982762e+03 5.394017658990561959e-01 7.720251127036652228e-02
1.091381147875261604e+03 5.864471321245919855e-01 7.608804712162725581e-02
1.091632364536037585e+03 6.457032132415264636e-01 7.891444153948000417e-02
1.091884124955819516e+03 7.855280107726860805e-01 9.474916865890430084e-02
1.092135341616595497e+03 8.770309298333553993e-01 1.003818625772994466e-01
1.092387102036377428e+03 7.681418904045622664e-01 8.347527970593535129e-02
1.092638318697153409e+03 7.992302640316999440e-01 8.569780896232448431e-02
1.092889807237432251e+03 7.547274063593383264e-01 8.078647220434298504e-02
1.093141839536717271e+03 7.964658156327819594e-01 8.893203115607196951e-02
1.093393328076996340e+03 9.580067339485625055e-01 1.109464721675773730e-01
1.093645360376281133e+03 8.906418203849900683e-01 9.989417638772644936e-02
1.093896848916560202e+03 7.073938227511954446e-01 7.195248087394071068e-02
1.094149153095348083e+03 8.841763176727539530e-01 9.359505751964286580e-02
1.094400913515130014e+03 8.594029402565942499e-01 8.434663013164592216e-02
1.094652673934911945e+03 7.595482989860971035e-01 7.208042034774456153e-02
1.094904978113700054e+03 7.714625735643694249e-01 7.482296162919621629e-02
1.095157010412985073e+03 8.399272775600008512e-01 8.563660462683291008e-02
1.095409586471275816e+03 7.854348277812572832e-01 8.124829112765878658e-02
1.095661618770560835e+03 8.542326942205341611e-01 9.002214396520802353e-02
1.095914194828851805e+03 8.388744460861387031e-01 8.658199214858278148e-02
1.096166227128136825e+03 7.665674096874472987e-01 7.351181618066446322e-02
1.096419075065930656e+03 8.065358508066354792e-01 7.720490373567630293e-02
1.096671379244718764e+03 1.025526491292091835e+00 1.041298022075447527e-01
1.096923683423506645e+03 1.021192986076367326e+00 1.139432270615099718e-01
1.097176531361300704e+03 1.015986787563899041e+00 1.208247703045470245e-01
1.097428835540088585e+03 8.462599472113045973e-01 9.648566470440578247e-02
1.097681955357385505e+03 8.513871857334367466e-01 9.856397610727728187e-02
1.097934531415676474e+03 8.496851894847811115e-01 9.869411644704119413e-02
1.098187651232973622e+03 8.041253944693909084e-01 8.694340824968900538e-02
1.098440499170767453e+03 8.591007376913356586e-01 9.048294033245724011e-02
1.098693075229058422e+03 9.040038798921563590e-01 9.759063324387659555e-02
1.098946466925858431e+03 7.999630320797698202e-01 8.700998915621269147e-02
1.099199314863652489e+03 7.559940085121709119e-01 8.379995374125302765e-02
1.099452706560452270e+03 7.729720602028532506e-01 8.761712051883452368e-02
1.099705554498246329e+03 7.732174300408787282e-01 9.044535264457428947e-02
1.099959218074549426e+03 8.208489134344769678e-01 9.965814669591220587e-02
1.100212337891846346e+03 9.374856963984871117e-01 1.238728094391796097e-01
1.100465457709143266e+03 9.708904513072477149e-01 1.325470766722071925e-01
1.100719121285446136e+03 9.217741506512215910e-01 1.173344036182250860e-01
1.100972241102743283e+03 8.791081481413016707e-01 1.010754323904195506e-01
1.101226176558549241e+03 8.593236664210516240e-01 9.286440262286685399e-02
1.101479568255349250e+03 8.438008214021450737e-01 9.099107393909428021e-02
1.101733503711155208e+03 8.573398857379413984e-01 8.790576359520919925e-02
1.101987167287458078e+03 9.157272198865613611e-01 9.111125628646077335e-02
1.102240558984258087e+03 9.292216165364567404e-01 9.219578835359605595e-02
1.102494766319567134e+03 8.594947839887218111e-01 8.498949988813227219e-02
1.102748429895870004e+03 9.153096291896328784e-01 8.617344683102713676e-02
1.103002637231179051e+03 1.109306772191581691e+00 1.081894348801660660e-01
1.103256300807482148e+03 9.930041744366291390e-01 1.001827089344699551e-01
1.103510780022294057e+03 1.095226492683708086e+00 1.145229425474282303e-01
1.103764715478100015e+03 1.191075526581005573e+00 1.252419946560150987e-01
1.104018650933905974e+03 9.636716237671343332e-01 1.012957681952431216e-01
1.104273130148718110e+03 8.177772208284589395e-01 8.700849089214054977e-02
1.104527065604524068e+03 9.886312125643472726e-01 1.103521810922828972e-01
1.104781816698839066e+03 1.021112027032024638e+00 1.316365832952527681e-01
1.105036024034148113e+03 9.319266300791115842e-01 1.366721578103114731e-01
1.105290775128462883e+03 9.228350444792785545e-01 1.323513935944825581e-01
1.105544982463771930e+03 7.602452365447537330e-01 1.031843033005278160e-01
1.105799461678584066e+03 6.607495852065147224e-01 7.951301607296003271e-02
1.106054484652401925e+03 7.365867865095724332e-01 7.621147085247198527e-02
1.106308963867213834e+03 9.246250804985994831e-01 9.300577307006313577e-02
1.106563986841031920e+03 8.602462526836291978e-01 8.053477431451071256e-02
1.106818466055844056e+03 1.010327893080387618e+00 9.848329412330981969e-02
1.107073760909165003e+03 9.279017751447098394e-01 9.319494170683602363e-02
1.107328512003480000e+03 6.741940238395528473e-01 6.631979430556969590e-02
1.107583263097794998e+03 7.641219787450463929e-01 8.046697269601360558e-02
1.107838557951115945e+03 7.703700766515869658e-01 8.179723319514552171e-02
1.108093580924934031e+03 9.974033264063341120e-01 1.147163418128248208e-01
1.108348875778254978e+03 1.156850180708723919e+00 1.318452561913743826e-01
1.108603898752073064e+03 1.106659528798609182e+00 1.167321495656138686e-01
1.108859737364399962e+03 1.028023325332715343e+00 1.055588871984478871e-01
1.109114760338218048e+03 1.034795811086319128e+00 1.070691102469488593e-01
1.109369783312036134e+03 1.037409484318874142e+00 1.169681736900367586e-01
1.109625621924363031e+03 8.530762851886756204e-01 9.722732459059615917e-02
1.109880916777684206e+03 7.816054773487899343e-01 8.728853288660902432e-02
1.110136755390011103e+03 7.609578448686387109e-01 8.104493962846788524e-02
1.110392322122835139e+03 7.201069628493811381e-01 7.530536059335329879e-02
1.110648432614665126e+03 8.553493180053899358e-01 8.653422777073711825e-02
1.110903727467986073e+03 9.090849161283802715e-01 8.607895298721369992e-02
1.111159294200810109e+03 9.507684954484413309e-01 8.771504047929624959e-02
1.111415676572143184e+03 9.690838727859828472e-01 8.839635309501600591e-02
1.111671243304967220e+03 1.022139805060318762e+00 9.434825346628085418e-02
1.111927625676300295e+03 1.049423109759426653e+00 1.022801827165210481e-01
1.112183464288627192e+03 8.995397471434594117e-01 9.576595191637832238e-02
1.112439846659960267e+03 8.713960818435858569e-01 1.007387863195791239e-01
1.112695685272287392e+03 7.834526282060213509e-01 9.041325422263386813e-02
1.112951795764117151e+03 7.653451491245508720e-01 8.625568264511380978e-02
1.113208450014953314e+03 8.358613645823067539e-01 9.195818691591770011e-02
1.113464560506783300e+03 9.971326885529487871e-01 1.041821236064445488e-01
1.113720942878116375e+03 1.110946007549489023e+00 1.134542881598122471e-01
1.113977597128952311e+03 1.191883569006161769e+00 1.254633905695468343e-01
1.114234523259291336e+03 1.087103393265836493e+00 1.088410340791592656e-01
1.114490633751121322e+03 9.235633381086351124e-01 8.704041445225346729e-02
1.114747016122454397e+03 9.494855168597684525e-01 9.494029136050513573e-02
1.115004214132296511e+03 1.141162118478325826e+00 1.319122691495126787e-01
1.115260596503629586e+03 1.041499005728047544e+00 1.151296389897772665e-01
1.115517794513471472e+03 1.188923420445744172e+00 1.461965293167754587e-01
1.115774448764307635e+03 1.001645903073573374e+00 1.195240721733696054e-01
1.116031374894646660e+03 6.741950660949355134e-01 7.274317220298956443e-02
1.116288572904488774e+03 6.154607184403299014e-01 6.461753591037247557e-02
1.116546042793833749e+03 7.357192333701071396e-01 7.554665262278233151e-02
1.116802697044669912e+03 7.379835598807693575e-01 7.227619569542838296e-02
1.117059623175008937e+03 8.270298240767554043e-01 7.841809895176875267e-02
1.117317093064353912e+03 8.623872594330589392e-01 7.968796595021312990e-02
1.117574291074196026e+03 8.381845865285093566e-01 7.941143381684313829e-02
1.117832032843043862e+03 8.021898513488227023e-01 8.498954348903021982e-02
1.118089230852885976e+03 9.852105915397382230e-01 1.207825945939009216e-01
1.118346972621734039e+03 1.534813279300004885e+00 2.355290901845350782e-01
1.118603898752073064e+03 1.221561474536873915e+00 1.584032205545132244e-01
1.118861640520921128e+03 8.823519554356925587e-01 9.581390034533555922e-02
1.119119654169272280e+03 7.768101210847430105e-01 7.608452131269434482e-02
1.119377124058617028e+03 8.294349946263693818e-01 7.374680289932013244e-02
1.119635137706968180e+03 8.227622532358147556e-01 7.564131190232295521e-02
1.119892879475816471e+03 8.150473117946994694e-01 7.457747562104541372e-02
1.120150893124167396e+03 8.947177964793087135e-01 8.205335981830479131e-02
1.120408634893015460e+03 9.188395351185788540e-01 8.346759447205444327e-02
1.120666376661863296e+03 9.109239013118399786e-01 8.419880828925921379e-02
1.120924934069220399e+03 9.929252423611374390e-01 9.041996682051613166e-02
1.121182675838068462e+03 1.064353174090850507e+00 1.010376121507671060e-01
1.121441233245425565e+03 1.135448400502017119e+00 1.174070932971334608e-01
1.121699246893776490e+03 1.058687970118232569e+00 1.124532767924498744e-01
1.121957804301133592e+03 9.922452008388641387e-01 1.102914629388943163e-01
1.122216089828987606e+03 1.113502717791964969e+00 1.501630065964545679e-01
1.122474103477338758e+03 1.466549954469802630e+00 2.684941088582690760e-01
1.122732932764198949e+03 1.696291622109288522e+00 3.701100002629161279e-01
1.122991490171556052e+03 1.120460894823985587e+00 2.286566127746620380e-01
1.123250319458415788e+03 9.217658836233280084e-01 1.539228963979706044e-01
1.123508333106767168e+03 1.311687888750212805e+00 2.103061332535265948e-01
1.123767706152633082e+03 1.735054660846371721e+00 2.821641889821526195e-01
1.124026263559990184e+03 1.239501191881096753e+00 1.539444584908432612e-01
1.124284820967347287e+03 9.900248453324748121e-01 9.742408185565026857e-02
1.124544194013213200e+03 8.584743990494574373e-01 8.609457701017135534e-02
1.124802751420570303e+03 7.477353112328114504e-01 6.962021468074923447e-02
1.125062124466436444e+03 9.758702608415024127e-01 9.353734998264773282e-02
1.125320953753296408e+03 9.642010891154541019e-01 9.094670373150348652e-02
1.125580598678665410e+03 9.606549615637883788e-01 8.776177465202360251e-02
1.125839427965525601e+03 1.187190117727784378e+00 1.095360456155593798e-01
1.126098529131888881e+03 9.449921277025126187e-01 8.859045876580141921e-02
1.126357902177754795e+03 9.597218004671888014e-01 8.822625922550436650e-02
1.126617275223620709e+03 9.331726896851634256e-01 8.227128598524359460e-02
1.126877192028492800e+03 9.641621574888448176e-01 8.966819844724042976e-02
1.127136293194856080e+03 1.043686244700253729e+00 9.511608476568579607e-02
1.127396209999728171e+03 1.084082135603718688e+00 9.313734873805738779e-02
1.127655583045594085e+03 1.045727427460708903e+00 9.062679419820661442e-02
1.127914956091460226e+03 9.640797915677201679e-01 7.974734726683575803e-02
1.128175144775835406e+03 1.049427759171629226e+00 8.886711986902300076e-02
1.128434517821701320e+03 9.808821066837554170e-01 8.587120702040038078e-02
1.128694978385579589e+03 9.345682593697657303e-01 8.251992092475905760e-02
1.128954351431445502e+03 9.780664507498417759e-01 8.629489352731180285e-02
1.129214811995323544e+03 9.303101410560190576e-01 8.360361898172048722e-02
1.129474456920692546e+03 1.080983329634203072e+00 1.020130032148995058e-01
1.129734373725564637e+03 1.005575340586029931e+00 9.003927809974070218e-02
1.129994834289442906e+03 9.939193963999434223e-01 9.188677901119740588e-02
1.130254751094314770e+03 1.103434144087860336e+00 1.067765922341540052e-01
1.130515483537696127e+03 1.200886592893757543e+00 1.133588010428827758e-01
1.130775400342567991e+03 9.794149182429200406e-01 9.091566183341849572e-02
1.131036404665452210e+03 1.010162990320245147e+00 9.145013775027471814e-02
1.131296593349827390e+03 1.061951620459060219e+00 9.073575437999427395e-02
1.131556782034202570e+03 1.148146473216268504e+00 1.021298461048393419e-01
1.131817514477583472e+03 1.131730302124863252e+00 1.122668024649594309e-01
1.132077975041461514e+03 1.302177572306507658e+00 1.459704435652264820e-01
1.132338707484842644e+03 1.896155340090177166e+00 2.972219975266723324e-01
1.132599439928223774e+03 9.949786402020501797e-01 1.291573159573275176e-01
1.132860716130610854e+03 8.918309398674368893e-01 1.131730781898385996e-01
1.133121448573991984e+03 8.075400492969728727e-01 9.173418357712494198e-02
1.133382181017373114e+03 7.874780720423766311e-01 8.044951604719113858e-02
1.133643457219760194e+03 9.138156084459999606e-01 8.740403656814745015e-02
1.133904189663141324e+03 1.135700488998024005e+00 1.037624744751515782e-01
1.134165737745031265e+03 1.164065341001751852e+00 1.106197278418371704e-01
1.134426742067915484e+03 1.022350584230611092e+00 9.664988373759830775e-02
1.134688290149805653e+03 9.183230236124597656e-01 8.754832070334916949e-02
1.134949294472689644e+03 8.019670220184625942e-01 8.688044859468992132e-02
1.135210298795573863e+03 8.429411547778544733e-01 1.098777153011426810e-01
1.135472118756966893e+03 1.401183284623162661e+00 2.325034890724986258e-01
1.135733394959353973e+03 3.621024524754021368e+00 1.179144674007304605e+00
1.135995214920747003e+03 2.348898861947632088e+00 5.402160263094522019e-01
1.136256491123134310e+03 1.054575949626910480e+00 1.458598367916756344e-01
1.136518582964030429e+03 7.732111000860976135e-01 8.976338123938480684e-02
1.136780131045920371e+03 7.263507077126059031e-01 7.772113869153027266e-02
1.137042222886816489e+03 7.899931184488304670e-01 7.791898914907915974e-02
1.137303770968706658e+03 8.161725858812067802e-01 8.316308289666653197e-02
1.137565590930099688e+03 8.280189667158289746e-01 8.192185338090847424e-02
1.137827682770995807e+03 1.010461628024668546e+00 1.018167274366367087e-01
1.138089502732388837e+03 9.831762867944060513e-01 9.937702375987894632e-02
1.138351866452788045e+03 7.989814307872332710e-01 7.942773149455727155e-02
1.138613958293684163e+03 9.115649248313999475e-01 8.809435621459579813e-02
1.138876322014083371e+03 7.102015409187756312e-01 6.759046778051230886e-02
1.139138413854979262e+03 8.088996291370362801e-01 8.398900773067786985e-02
1.139400505695875381e+03 1.168225218467425996e+00 1.303309390254811240e-01
1.139663141295777677e+03 1.330299802729095981e+00 1.550505590906955389e-01
1.139925233136673796e+03 1.096544454996422946e+00 1.202582823079835772e-01
1.140188140616078726e+03 9.586571340232287186e-01 9.395749303929061547e-02
1.140450504336477934e+03 1.009858378313843508e+00 9.856005386330110585e-02
1.140713411815883319e+03 9.038728627541481320e-01 8.523387878256162564e-02
1.140976047415785160e+03 7.904598309697372649e-01 7.522737614177789356e-02
1.141238411136184368e+03 7.178638115515221241e-01 7.762753346315806602e-02
1.141501590495092387e+03 7.879779070485019021e-01 1.049539925052169059e-01
1.141764226094994683e+03 1.204234414905645867e+00 2.027112341052589584e-01
1.142027405453902702e+03 2.190780245485968614e+00 5.647461441517636072e-01
1.142290312933307860e+03 1.247917349779916529e+00 2.383253095471256633e-01
1.142553492292216106e+03 7.816351572824058458e-01 1.082181581688100580e-01
1.142816399771621263e+03 7.011281580793778945e-01 7.841781149780813198e-02
1.143079307251026194e+03 7.110150057794313305e-01 7.119491898417214248e-02
1.143343030368940390e+03 7.225260678418430338e-01 6.604877612394438602e-02
1.143605937848345548e+03 7.891772417428976061e-01 6.893447526615475995e-02
1.143869660966259744e+03 8.057176739924272191e-01 7.442529258444596785e-02
1.144132840325167763e+03 6.787430230284111632e-01 6.892035769482050822e-02
1.144396563443081959e+03 6.758197783371463485e-01 7.659377120967529595e-02
1.144660014681493067e+03 9.076940530310807498e-01 1.153756029010021417e-01
1.144923194040401313e+03 9.949691654885700620e-01 1.408969543940342128e-01
1.145187189037818371e+03 8.217146092570865035e-01 1.049462490135307235e-01
1.145450640276229706e+03 6.296764289437438711e-01 6.737730061431999873e-02
1.145714907153149625e+03 5.882385118126201018e-01 5.764124090192443428e-02
1.145978358391560960e+03 6.753719654314040977e-01 6.386733277773085082e-02
1.146242625268480879e+03 7.438262767364397510e-01 7.648805958385515580e-02
1.146506348386395075e+03 6.867647562296871344e-01 7.795312953457138316e-02
1.146770071504309271e+03 7.219747241009476513e-01 9.254707093481337465e-02
1.147034610260732507e+03 7.061658264156798204e-01 9.853782967255413083e-02
1.147298061499143614e+03 6.112346972108906318e-01 8.116754047156105045e-02
1.147563144014572572e+03 6.241779473016820790e-01 6.888184208535770570e-02
1.147826867132486768e+03 6.388778916467969804e-01 6.449769057438277386e-02
1.148091677768413092e+03 7.081298856887213722e-01 6.741236449240675666e-02
1.148355944645333238e+03 6.424130315285137005e-01 6.065351677152777676e-02
1.148619939642750069e+03 6.285158570790783106e-01 6.627235495607963767e-02
1.148884750278676393e+03 6.620431040868286487e-01 8.269797638408310503e-02
1.149149289035099628e+03 8.329813083926606021e-01 1.207053464512093527e-01
1.149414099671025724e+03 1.012401256314627629e+00 1.686291742614936529e-01
1.149678638427448959e+03 7.597961594802863372e-01 1.256827267890648914e-01
1.149943720942878144e+03 4.282349962633986151e-01 7.151832224008232430e-02
1.150208259699301152e+03 4.204504553673216183e-01 6.796427497230718429e-02
1.150472798455724387e+03 5.571090897310229106e-01 8.915571946182818119e-02
1.150738152850656434e+03 5.570172724710504841e-01 1.012740821359534027e-01
1.151002691607079669e+03 5.476752379792532155e-01 9.160450801595429460e-02
1.151268317881514804e+03 5.824211129154501787e-01 9.248613321569765233e-02
1.151533128517440900e+03 6.105454254680067194e-01 1.038890358493538280e-01
1.151798754791876036e+03 6.167897988763756389e-01 1.076039184717564046e-01
1.152063565427802359e+03 6.613777529321825943e-01 9.846704974476234995e-02
1.152328647943231545e+03 6.379375800118205486e-01 8.336353883214273064e-02
1.152594002338163591e+03 5.708206048041490899e-01 6.832128491841545082e-02
1.152859628612598726e+03 5.287213346045807061e-01 5.830785860318852404e-02
1.153125526766536950e+03 5.885729589248168692e-01 6.385790653186078358e-02
1.153390609281966135e+03 5.461859894505626256e-01 5.838651067693553104e-02
1.153656507435904359e+03 5.380615729030475691e-01 5.790651746026225649e-02
1.153922133710339494e+03 6.138723862003800935e-01 6.357874276567114513e-02
1.154187488105271541e+03 6.051890311771255249e-01 6.322644636298725696e-02
1.154453658138712854e+03 5.607078988998955849e-01 5.852121464027466163e-02
1.154719284413147989e+03 5.074466955121874623e-01 5.548586111753393141e-02
1.154985454446589301e+03 5.437630254965601928e-01 6.142082247729994948e-02
1.155251080721024437e+03 6.117258899748607703e-01 6.971214759140254014e-02
1.155517522633968611e+03 6.072439473169489732e-01 7.150931266745422232e-02
1.155783420787906834e+03 6.098916971209472626e-01 7.397156832076304256e-02
1.156049318941844831e+03 7.758202346797287152e-01 9.533610451418245146e-02
1.156315760854789232e+03 7.266552693695581544e-01 9.351485103600436222e-02
1.156581930888230318e+03 7.052980745589217948e-01 1.003106823608434228e-01
1.156848644680677580e+03 7.943849496424453260e-01 1.118605335238633258e-01
1.157114542834615804e+03 7.204913944458660735e-01 9.342586325256869995e-02
1.157381528506565928e+03 5.565611051549014254e-01 6.914407398604209554e-02
1.157647698540007241e+03 5.404996393943625188e-01 6.357200008294008886e-02
1.157914684211957365e+03 5.351620309057384395e-01 6.398690490198385983e-02
1.158181126124901311e+03 5.899164495927429197e-01 6.887285603197969286e-02
1.158447568037845713e+03 7.217089479473185465e-01 8.691263205335962583e-02
1.158714825589298698e+03 6.586857381575025316e-01 8.476646428813515433e-02
1.158981267502243099e+03 5.313774560929140911e-01 6.790531633097279807e-02
1.159248525053696312e+03 6.230438627284647923e-01 7.426689526745641756e-02
1.159514966966640259e+03 6.412289295279658408e-01 8.364846804858445950e-02
1.159782496397596560e+03 6.318495609743864927e-01 8.256526310163443683e-02
1.160049482069546684e+03 6.770177645560637725e-01 8.087067472907615018e-02
1.160316195861993947e+03 5.954495797719462358e-01 7.651769383268761104e-02
1.160583725292950248e+03 5.318844250075639435e-01 7.865159726532282292e-02
1.160850982844403234e+03 6.176397842492111767e-01 9.382398073990398657e-02
1.161118512275359535e+03 5.796083352431568025e-01 1.002610395683397881e-01
1.161385497947309659e+03 6.062975859582542260e-01 1.236595703864737383e-01
1.161653299257768822e+03 8.528041951097533602e-01 1.692187324202402976e-01
1.161920828688725123e+03 7.285130268250111785e-01 1.281496141570973579e-01
1.162188086240178336e+03 5.560267750593260727e-01 8.551448521706848938e-02
1.162455887550637499e+03 6.925831577169442310e-01 9.307320976965705039e-02
1.162723416981593800e+03 9.557090003678311296e-01 1.333402075834560774e-01
1.162991490171556052e+03 1.317678924927607076e+00 2.050662544474068372e-01
1.163259019602512126e+03 1.110293770965809612e+00 1.601743116580075788e-01
1.163527364671977239e+03 7.821601628360620451e-01 1.078594363123811101e-01
1.163794894102933540e+03 6.717334598626338860e-01 9.874473807205737252e-02
1.164062695413392703e+03 6.636256977389469736e-01 1.073499122731271793e-01
1.164331040482857816e+03 5.996224626210564512e-01 1.000018341632370467e-01
1.164599113672820067e+03 5.444359454248577368e-01 8.960692558976343647e-02
1.164867458742285407e+03 5.470148822196705396e-01 8.022269780800171668e-02
1.165135531932247432e+03 5.085501895062083388e-01 6.598635477399542038e-02
1.165404148881215860e+03 4.924168638953477783e-01 5.725616578140378665e-02
1.165671950191674796e+03 5.252199959739815016e-01 6.082603459793236439e-02
1.165940295261140136e+03 6.140799462442454448e-01 6.831344743062965630e-02
1.166209455969114515e+03 6.250949284986238030e-01 7.120342685805094995e-02
1.166477529159076767e+03 7.124472213802885978e-01 9.436352731376063119e-02
1.166746689867050918e+03 8.752080718112348334e-01 1.290112811174177754e-01
1.167014763057013170e+03 8.196286040866165301e-01 1.186551579957268038e-01
1.167284195644490183e+03 7.387189295441387582e-01 1.103397276083502299e-01
1.167552540713955523e+03 4.850090900576227160e-01 7.188542883330721611e-02
1.167821157662923724e+03 4.284561295140995596e-01 6.349668451495886490e-02
1.168090590250400965e+03 4.294245281154824290e-01 6.388195479974440039e-02
1.168359207199369166e+03 4.564451087585255640e-01 6.641768643271267480e-02
1.168628639786846406e+03 4.442257263035794268e-01 6.604835343293880001e-02
1.168897528615317697e+03 4.603590481597493178e-01 6.298358162243616887e-02
1.169166689323291848e+03 4.958036169743276211e-01 6.257453606388353740e-02
1.169436121910769089e+03 5.450269407623031803e-01 6.486795108518364494e-02
1.169705010739240379e+03 5.384544903286450079e-01 6.049899262121974375e-02
1.169974715206220480e+03 5.077448945456053409e-01 5.841395278598519869e-02
1.170243875914194859e+03 5.110091925603795771e-01 6.161526921663178225e-02
1.170513852260678050e+03 5.359439049834905378e-01 6.239330850677266005e-02
1.170783012968652201e+03 4.575507679350766521e-01 5.741761830875839745e-02
1.171052989315135392e+03 5.134380939431005819e-01 6.911771428860213895e-02
1.171322421902612632e+03 6.734362061244305586e-01 8.629169182041478148e-02
1.171591854490089872e+03 7.237163093792989832e-01 9.016318462040216752e-02
1.171862102716076151e+03 7.436790050992456713e-01 9.951802424565693583e-02
1.172131535303553392e+03 1.262629395875844329e+00 1.855122702682255043e-01
1.172401783529539671e+03 1.255953492937460059e+00 1.759639941939549479e-01
1.172671759876022861e+03 9.032620556809007883e-01 1.113932941783614405e-01
1.172942008102009140e+03 6.525487212341484211e-01 7.362619260288615075e-02
1.173211712568989242e+03 5.520718366846412151e-01 5.859411299298301207e-02
1.173481960794975748e+03 5.703605325427268946e-01 5.918890723350277855e-02
1.173752480900464889e+03 6.063757767061958015e-01 6.471287865309405252e-02
1.174022457246948079e+03 5.842453007250835162e-01 6.183455698395403516e-02
1.174292977352437447e+03 6.136639591925047155e-01 6.407598403021513844e-02
1.174563225578423499e+03 6.008699391587474237e-01 5.973933371334438219e-02
1.174834017563415955e+03 6.064136522180418876e-01 5.900341290092963459e-02
1.175104265789402007e+03 6.709123125416129874e-01 6.516431360848545795e-02
1.175374785894891374e+03 6.225442799919478354e-01 6.249426308935294300e-02
1.175645849759386692e+03 9.138681771551322441e-01 1.060893981608049264e-01
1.175916369864875833e+03 8.207679806592227401e-01 8.881399721715410589e-02
1.176187433729371151e+03 7.539849719610841605e-01 7.780923651923089823e-02
1.176457953834860291e+03 7.112998401516880120e-01 7.145867926533600034e-02
1.176729289578858470e+03 7.455521466917615081e-01 6.897226175122030123e-02
1.177000081563850699e+03 8.706629276503571324e-01 8.799057549996446015e-02
1.177270873548843156e+03 9.247737664603193908e-01 9.939574615205466757e-02
1.177542209292841562e+03 7.675754032254706871e-01 7.940993883515536089e-02
1.177813001277833564e+03 7.317312837382310420e-01 7.384407263692424617e-02
1.178084608901335059e+03 7.400706343904281947e-01 7.575236341559909992e-02
1.178355672765830150e+03 7.967320644556575848e-01 7.773714957352614863e-02
1.178627552268834279e+03 7.849366163445548050e-01 7.150774293582190522e-02
1.178898616133329597e+03 7.620583930743198842e-01 6.827498271158308207e-02
1.179170495636333953e+03 7.806502929690508630e-01 6.957583687426258101e-02
1.179441559500829271e+03 7.930390758901725290e-01 7.021256238050330167e-02
1.179713167124330539e+03 7.544995768865776498e-01 6.508674300722902539e-02
1.179985046627334668e+03 6.839578136867933145e-01 5.777309854686717150e-02
1.180256654250835936e+03 6.569650415364266527e-01 5.581566648097507216e-02
1.180528805633343381e+03 7.302435521051476863e-01 6.379471536599405634e-02
1.180800413256844422e+03 7.834386410621180241e-01 7.131295075069328526e-02
1.181072564639351867e+03 7.892453127664963430e-01 7.079688180920787333e-02
1.181344444142355997e+03 8.340207140576829659e-01 7.376117856832467568e-02
1.181616051765857264e+03 8.626129035059655337e-01 7.567789723725004691e-02
1.181888475027867571e+03 7.628931278183849196e-01 6.454668963387873160e-02
1.182160354530871928e+03 8.222678561433037769e-01 6.831680621111048402e-02
1.182433049672385096e+03 8.612165428509025444e-01 7.281436945381128401e-02
1.182704929175389452e+03 7.850416731983840268e-01 6.842091907304254095e-02
1.182977624316902620e+03 8.301993839051627910e-01 7.194889184943190075e-02
1.183249775699409838e+03 8.824354264190886754e-01 7.627048616187652452e-02
1.183522198961420372e+03 7.677089366705235340e-01 6.190691862768360476e-02
1.183795165982436629e+03 8.744235954551038414e-01 7.395213928778472667e-02
1.184067317364943847e+03 8.162730802931960072e-01 6.395618947387993192e-02
1.184340556265462965e+03 8.687139146140966384e-01 6.945625061713363302e-02
1.184612979527473271e+03 8.480599517274991506e-01 7.322220419633955479e-02
1.184885946548489528e+03 7.485375895792523160e-01 6.948041180106442893e-02
1.185158641690002923e+03 8.162807305490390464e-01 7.968666840852271782e-02
1.185431336831516319e+03 7.282185402092952176e-01 7.160542855893957392e-02
1.185704575732035664e+03 7.760498564530148302e-01 7.908739582973126070e-02
1.185977542753051921e+03 8.273727260449100784e-01 8.072196126761872759e-02
1.186250781653571266e+03 8.083764458470895642e-01 7.997775955293699723e-02
1.186523748674587523e+03 7.790770731974225871e-01 7.421942588969283883e-02
1.186797259454609502e+03 6.812247543079942291e-01 5.790866853894355293e-02
1.187070498355128848e+03 8.214569696447200364e-01 6.965494556234107237e-02
1.187343465376145105e+03 8.774581026474471690e-01 7.477962603477202042e-02
1.187617248035670627e+03 1.006586286806876007e+00 9.345575354298243931e-02
1.187890486936189973e+03 1.158613189275526034e+00 1.209150285303916134e-01
1.188164269595715041e+03 1.073950505099295905e+00 1.066376813993440975e-01
1.188437780375737475e+03 7.923862752166902501e-01 7.208488408845380169e-02
1.188711834914765632e+03 6.488701297295806913e-01 5.701075929577635593e-02
1.188985345694788066e+03 7.188473378454416363e-01 5.988709574355459420e-02
1.189258856474810273e+03 7.665748288745474204e-01 6.032005911628640638e-02
1.189532911013838429e+03 7.221939575502269726e-01 5.728121776159408179e-02
1.189806693673363952e+03 7.084721335145675036e-01 5.679604824284113784e-02
1.190081020091895198e+03 7.106878051281007025e-01 5.496965568527150542e-02
1.190354802751420493e+03 8.015992289735891507e-01 6.250415414950126480e-02
1.190629129169951739e+03 8.027727128082579044e-01 6.549347537724767299e-02
1.190903183708980350e+03 8.583760474644029914e-01 7.421537316539594809e-02
1.191177238248008507e+03 9.805814350595966067e-01 8.998804183484718222e-02
1.191451836546042841e+03 1.048257560618551354e+00 1.008258755519712696e-01
1.191725891085071225e+03 9.884613822890644386e-01 9.418337852544768352e-02
1.192000761262608194e+03 7.393299969146880368e-01 6.620194353785090191e-02
1.192275087681139667e+03 6.365371950167750814e-01 5.289744436145216167e-02
1.192549685979174001e+03 7.523483346142572081e-01 6.097018286079217836e-02
1.192824284277208335e+03 8.377174236300983790e-01 6.633890846474341241e-02
1.193098338816236719e+03 7.575383440429223070e-01 5.841913270762054411e-02
1.193373752752779865e+03 8.317009609255343605e-01 6.467157661917519174e-02
1.193648079171311110e+03 8.693105404204142239e-01 6.884302560648986047e-02
1.193923493107854483e+03 8.759394609372072038e-01 7.330132729855808049e-02
1.194198091405888817e+03 7.495611547634757343e-01 6.295742262657703925e-02
1.194473777221935279e+03 7.201237003576730356e-01 5.997975425478897088e-02
1.194748375519969613e+03 8.015372118476861152e-01 6.774139790479973000e-02
1.195023245697506809e+03 8.274846079716905445e-01 6.644725927770635254e-02
1.195298931513553271e+03 8.454124709655597147e-01 6.774671930369143003e-02
1.195573801691090239e+03 8.641042576462150127e-01 6.966946589495807973e-02
1.195849487507136701e+03 8.262885496248671968e-01 6.678079843423652406e-02
1.196124629564177212e+03 7.622125149757842388e-01 6.333167024243947785e-02
1.196400315380223219e+03 7.675758485499496464e-01 7.040423628903583197e-02
1.196675729316766819e+03 1.209461494062590514e+00 1.534107799850515375e-01
1.196950871373807104e+03 2.179351445148678845e+00 4.170762616933961220e-01
1.197227100948859288e+03 1.845063975640619747e+00 3.459755890427214653e-01
1.197502514885402661e+03 9.114439134585476943e-01 1.288008905127868420e-01
1.197778472580951984e+03 6.183309573267078418e-01 7.566803892052678671e-02
1.198053886517495357e+03 7.194730244501055250e-01 7.476837165172503519e-02
1.198330387972050630e+03 9.881579488912974885e-01 1.031196038863469305e-01
1.198606073788097092e+03 9.098220459443353558e-01 8.651530528965374611e-02
1.198881759604143326e+03 7.301626885614692641e-01 6.140886758050231875e-02
1.199158261058698599e+03 7.706595974217748113e-01 6.318153768403528270e-02
1.199434218754248150e+03 8.466885103248257272e-01 7.041478378362438229e-02
1.199710720208803423e+03 8.467768944490527971e-01 6.927330412379609226e-02
