1 abs | 1 tot
spec-7319-56962-0655norm.dr16
BI (-30000 > v > -60000.0): 15.85
vmins: [-53131.87368]
vmaxs: [-55335.26744]
BI_individual: [15.85]
EW_individual: [52.36]
Depth: [0.16]


