1 abs | 1 tot
spec-6138-56598-0754norm.dr16
BI (-30000 > v > -60000.0): 27.22
vmins: [-39737.01677]
vmaxs: [-42108.20422]
BI_individual: [27.22]
EW_individual: [188.25]
Depth: [0.37]


