1 abs | 1 tot
SMSS-J2157-3602norm.dr16
BI (1000 > v > -60000.0): 3065.89
vmins: [ -2657.67108 -31589.94628]
vmaxs: [ -5903.53089 -41928.20604]
BI_individual: [598.7, 2467.19]
EW_individual: [2438.29, 2944.07]
Depth: [0.98, 0.73]


