1 abs | 1 tot
spec-5782-56272-0645norm.dr16
BI (-30000 > v > -60000.0): 402.73
vmins: [-33917.75187]
vmaxs: [-42744.20884]
BI_individual: [402.73]
EW_individual: [461.15]
Depth: [0.23]


